# 剙
[[[1, 240, 0, -8], [0, 8]],
[[1, 224, 0, -16]],
[[1, 208, 0, -24]],
[[1, 192, 0, -32]],
[[1, 176, 0, -40]],
[[1, 160, 0, -48]],
[[1, 144, 0, -56]],
[[1, 128, 0, -64]],
[[1, 112, 0, -72], [0, 15]],
[[1, 96, 0, -80]],
[[1, 80, 0, -88]],
[[1, 64, 0, -96]],
[[1, 48, 0, -102]],
[[1, 32, 0, -106]],
[[1, 16, 0, -108]],
[[1, 0, 0, -108]],
[[1, -16, -2, -108]],
[[1, -32, -2, -108]],
[[1, -46, -2, -106]],
[[1, -60, -2, -104]],
[[1, -72, -2, -102]],
[[1, -84, -2, -100]],
[[1, -94, -2, -96]],
[[1, -104, -2, -92]],
[[1, -112, -2, -88]],
[[1, -120, -2, -84]],
[[1, -126, -2, -76]],
[[1, -132, -2, -68]],
[[1, -136, -2, -60]],
[[1, -140, -2, -52]],
[[1, -142, -2, -36]],
[[1, -144, -2, -24]],
[[1, -144, -2, -8]],
[[1, -144, -2, 8]]]