# ƒuƒ‰ƒbƒhƒuƒŒƒCƒN
[[[1, 74, 0, 0], [0, 17], [2, 32]],
[[1, 70, 0, 0], [2, 64]],
[[1, 66, 0, 0], [2, 96]],
[[1, 62, 0, 0], [2, 128]],
[[1, 58, 0, 0], [2, 160]],
[[1, 56, 0, 0], [2, 192]],
[[1, 54, 0, 0], [2, 224]],
[[1, 52, 0, 0], [2, 255]],
[[1, 50, 0, 0]],
[[1, 48, 0, 0]],
[[1, 46, 0, 0]],
[[1, 44, 0, 0]],
[[1, 44, 0, 0]],
[[1, 44, 0, 0]],
[[1, 44, 0, 0]],
[[1, 44, 0, 0]],
[[1, 44, 0, 0]],
[[1, 44, 0, 0]],
[[1, 44, 0, 0]],
[[1, 44, 0, 0], [0, 9]],
[[1, 44, 0, 0]],
[[1, 50, 0, 6], [3, "Battle_Step_03", 90, 100]],
[[1, 56, 0, 11]],
[[1, 66, 0, 15]],
[[1, 72, 0, 18]],
[[1, 78, 0, 20]],
[[1, 84, 0, 21]],
[[1, 90, 0, 20]],
[[1, 96, 0, 18]],
[[1, 102, 0, 15]],
[[1, 108, 0, 11]],
[[1, 114, 0, 6]],
[[1, 120, 0, 0], [0, 10], [3, "Battle_Step_04", 100, 100]],
[[1, 124, 0, 0]],
[[1, 126, 0, 0], [0, 16, 0, false]],
[[1, 128, 0, 0], [5, 13, 6, 3]],
[[1, 130, 0, 0]],
[[1, 132, 0, 0]],
[[1, 132, 0, 0], [0, 16, 1, false]],
[[1, 132, 0, 0]],
[[1, 132, 0, 0]],
[[1, 132, 0, 0]],
[[1, 132, 0, 0]],
[[1, 132, 0, 0]],
[[1, 132, 0, 0]],
[[1, 132, 0, 0]],
[[1, 132, 0, 0]],
[[1, 132, 0, 0]],
[[1, 132, 0, 0]],
[[1, 132, 0, 0]],
[[1, 132, 0, 0], [0, 16]],
[[1, 132, 0, 0]],
[[1, 132, 0, 0]],
[[1, 132, 0, 0]],
[[1, 115, 0, 0]],
[[1, 99, 0, 0]],
[[1, 83, 0, 0]],
[[1, 67, 0, 0]],
[[1, 57, 0, 0], [9, -160, 0, 2.0]],
[[1, 49, 0, 0]],
[[1, 41, 0, 0]],
[[1, 33, 0, 0]],
[[1, 19, 0, 0]],
[[1, 15, 0, 0]],
[[1, 11, 0, 0]],
[[1, 7, 0, 0]],
[[1, 6, 0, 0]],
[[1, 6, 0, 0]],
[[1, 6, 0, 0]],
[[1, 6, 0, 0]],
[[1, 4, 0, 0]],
[[1, 4, 0, 0]],
[[1, 4, 0, 0]],
[[1, 4, 0, 0]]]