# 噛み付き
[[[1, 48, 0, 0], [0, 5], [2, 32], [3, "065-Swing04", 100, 100]],
[[1, 48, 0, 0], [2, 64]],
[[1, 48, 0, 0], [2, 96]],
[[1, 48, 0, 0], [2, 128]],
[[1, 48, 0, 0], [2, 160]],
[[1, 48, 0, 0], [2, 192]],
[[1, 48, 0, 0], [2, 224]],
[[1, 48, 0, 0], [2, 255]],
[[1, 48, 0, 0]],
[[1, 48, 0, 0]],
[[1, 48, 0, 0]],
[[1, 48, 0, 0]],
[[1, 48, 0, 0]],
[[1, 48, 0, 0]],
[[1, 48, 0, 0]],
[[1, 48, 0, 0]],
[[1, 48, 0, 0]],
[[1, 48, 0, 0]],
[[1, 48, 0, 0]],
[[1, 48, 0, 0]],
[[1, 48, 0, 0]],
[[1, 48, 0, 0]],
[[1, 48, 0, 0]],
[[1, 48, 0, 0]],
[[1, 48, 0, 0]],
[[1, 48, 0, 0]],
[[1, 48, 0, 0]],
[[1, 48, 0, 0]],
[[1, 48, 0, 0]],
[[1, 48, 0, 0]],
[[1, 28, 0, 0]],
[[1, 24, 0, 0]],
[[1, 20, 0, 0]],
[[1, 16, 0, 0]]]