# 紅蓮剣
[[[1, 204, 0, 156], [0, 15, 3], [2, 32], [3, "Battle_Skill_01", 100, 100]],
[[1, 198, 0, 156], [2, 64]],
[[1, 192, 0, 156], [2, 96]],
[[1, 186, 0, 155], [2, 128]],
[[1, 180, 0, 154], [2, 160]],
[[1, 174, 0, 152], [2, 192]],
[[1, 168, 0, 150], [2, 224]],
[[1, 162, 0, 147], [2, 255]],
[[1, 156, 0, 144]],
[[1, 150, 0, 140]],
[[1, 144, 0, 136]],
[[1, 138, 0, 131]],
[[1, 132, 0, 126], [3, "Battle_Skill_01", 100, 100]],
[[1, 126, 0, 120]],
[[1, 120, 0, 114]],
[[1, 114, 0, 107]],
[[1, 108, 0, 100]],
[[1, 102, 0, 92]],
[[1, 96, 0, 84]],
[[1, 90, 0, 75]],
[[1, 84, 0, 66]],
[[1, 78, 0, 56]],
[[1, 72, 0, 46]],
[[1, 66, 0, 35]],
[[1, 60, 0, 24]],
[[1, 54, 0, 12]],
[[1, 48, 0, 0], [0, 14, 5]],
[[1, 42, 0, 0]],
[[1, 37, 0, 0]],
[[1, 32, 0, 0]],
[[1, 28, 0, 0]],
[[1, 24, 0, 0]],
[[1, 21, 0, 0]],
[[1, 18, 0, 0]],
[[1, 16, 0, 0]],
[[1, 14, 0, 0]],
[[1, 13, 0, 0]],
[[1, 12, 0, 0]],
[[1, 12, 0, 0]],
[[1, 12, 0, 0]]]