# —‹–ÂŒ•
[[[1, 146, 0, 0], [0, 14, 1, false], [2, 32], [3, "Battle_Step_02", 100, 100], [3, "Battle_Step_03", 100, 100]],
[[1, 144, 0, 12], [2, 64]],
[[1, 142, 0, 24], [2, 96]],
[[1, 140, 0, 35], [2, 128]],
[[1, 138, 0, 46], [2, 160], [10, 0, 0, 0]],
[[1, 136, 0, 56], [2, 192], [10, 0, 0, 0]],
[[1, 134, 0, 66], [2, 224], [0, 14, 2, false], [10, 0, 0, 0]],
[[1, 132, 0, 75], [2, 255], [10, 0, 0, 0]],
[[1, 130, 0, 84], [10, 0, 0, 0]],
[[1, 128, 0, 92], [10, 0, 0, 0]],
[[1, 126, 0, 100], [10, 0, 0, 0]],
[[1, 124, 0, 107], [10, 0, 0, 0]],
[[1, 122, 0, 114], [10, 0, 0, 0]],
[[1, 120, 0, 120], [10, 0, 0, 0]],
[[1, 118, 0, 126], [10, 0, 0, 0]],
[[1, 116, 0, 131], [10, 0, 0, 0]],
[[1, 114, 0, 136], [10, 0, 0, 0]],
[[1, 112, 0, 140], [10, 0, 0, 0]],
[[1, 110, 0, 144], [0, 14, 3, false], [10, 0, 0, 0]],
[[1, 109, 0, 145], [10, 0, 0, 0]],
[[1, 108, 0, 147], [10, 0, 0, 0]],
[[1, 107, 0, 148], [10, 0, 0, 0]],
[[1, 106, 0, 150], [10, 0, 0, 0]],
[[1, 105, 0, 151], [10, 0, 0, 0]],
[[1, 104, 0, 152], [10, 0, 0, 0]],
[[1, 103, 0, 153], [10, 0, 0, 0]],
[[1, 102, 0, 154], [10, 0, 0, 0]],
[[1, 101, 0, 154], [10, 0, 0, 0]],
[[1, 100, 0, 155], [0, 15, 3], [3, "Battle_Skill_01", 100, 100], [10, 0, 0, 0]],
[[1, 99, 0, 155], [10, 0, 0, 0]],
[[1, 98, 0, 156], [10, 0, 0, 0]],
[[1, 97, 0, 156], [10, 0, 0, 0]],
[[1, 96, 0, 156], [10, 0, 0, 0]],
[[1, 95, 0, 156], [10, 0, 0, 0]],
[[1, 94, 0, 155], [10, 0, 0, 0]],
[[1, 93, 0, 155], [10, 0, 0, 0]],
[[1, 92, 0, 154], [10, 0, 0, 0]],
[[1, 90, 0, 152], [10, 0, 0, 0]],
[[1, 88, 0, 150], [10, 0, 0, 0]],
[[1, 86, 0, 147], [10, 0, 0, 0]],
[[1, 84, 0, 144], [10, 0, 0, 0]],
[[1, 82, 0, 140], [10, 0, 0, 0]],
[[1, 80, 0, 136], [10, 0, 0, 0]],
[[1, 78, 0, 131], [10, 0, 0, 0]],
[[1, 76, 0, 126], [3, "Battle_Skill_01", 100, 100], [10, 0, 0, 0]],
[[1, 74, 0, 120], [10, 0, 0, 0]],
[[1, 72, 0, 114], [10, 0, 0, 0]],
[[1, 70, 0, 107], [10, 0, 0, 0]],
[[1, 68, 0, 100], [10, 0, 0, 0]],
[[1, 66, 0, 92], [10, 0, 0, 0]],
[[1, 64, 0, 84], [10, 0, 0, 0]],
[[1, 62, 0, 75], [10, 0, 0, 0]],
[[1, 60, 0, 66], [10, 0, 0, 0]],
[[1, 58, 0, 56], [10, 0, 0, 0]],
[[1, 56, 0, 46]],
[[1, 54, 0, 35]],
[[1, 52, 0, 24]],
[[1, 50, 0, 12]],
[[1, 48, 0, 0], [0, 14, 5]],
[[1, 46, 0, 0]],
[[1, 44, 0, 0]],
[[1, 42, 0, 0]],
[[1, 40, 0, 0]],
[[1, 39, 0, 0]],
[[1, 38, 0, 0]],
[[1, 37, 0, 0]],
[[1, 36, 0, 0]]]