# 蕚𤊥㚚䇊倃
[[[1, 96, 0, 0], [0, 23, 0, false], [2, 32]],
[[1, 90, 0, 0], [2, 64]],
[[1, 86, 0, 0], [2, 96]],
[[1, 82, 0, 0], [2, 128]],
[[1, 78, 0, 0], [2, 160]],
[[1, 76, 0, 0], [2, 192]],
[[1, 74, 0, 0], [2, 224]],
[[1, 72, 0, 0], [2, 255]],
[[1, 70, 0, 0]],
[[1, 69, 0, 0]],
[[1, 68, 0, 0]],
[[1, 67, 0, 0]],
[[1, 58, 0, 8], [0, 23, 1], [2, 224]],
[[1, 56, 0, 16], [2, 192]],
[[1, 54, 0, 23], [2, 160]],
[[1, 52, 0, 30], [2, 128]],
[[1, 50, 0, 36], [2, 96]],
[[1, 48, 0, 42], [2, 64]],
[[1, 46, 0, 47], [2, 32]],
[[1, 52, 0, 52], [2, 0]],
[[1, 112, 0, 24], [0, 23], [2, 255], [8]],
[[1, 96, 0, 32]],
[[1, 80, 0, 39]],
[[1, 64, 0, 46]],
[[1, 48, 0, 52], [0, 23, 1]],
[[1, 32, 0, 58]],
[[1, 106, 0, 58], [0, 23], [8]],
[[1, 90, 0, 66]],
[[1, 74, 0, 73]],
[[1, 58, 0, 80]],
[[1, 42, 0, 86], [0, 23, 1]],
[[1, 26, 0, 96]],
[[1, 92, 0, 196], [0, 24], [8]],
[[1, 76, 0, 188]],
[[1, 60, 0, 179]],
[[1, 44, 0, 170]],
[[1, 28, 0, 160], [0, 24, 1]],
[[1, 12, 0, 150]],
[[1, 104, 0, 166], [0, 24], [8]],
[[1, 88, 0, 158]],
[[1, 72, 0, 149]],
[[1, 56, 0, 140]],
[[1, 40, 0, 130], [0, 24, 1]],
[[1, 24, 0, 120]],
[[1, 88, 0, 30], [0, 23]],
[[1, 72, 0, 38]],
[[1, 56, 0, 45]],
[[1, 40, 0, 52]],
[[1, 24, 0, 58], [0, 23, 1]],
[[1, 8, 0, 64]],
[[1, 130, 0, 62], [0, 23], [8]],
[[1, 114, 0, 70]],
[[1, 98, 0, 78]],
[[1, 82, 0, 85]],
[[1, 66, 0, 92], [0, 23, 1]],
[[1, 50, 0, 98]],
[[1, 68, 0, 202], [0, 24], [8]],
[[1, 52, 0, 194]],
[[1, 36, 0, 185]],
[[1, 20, 0, 176]],
[[1, 4, 0, 166], [0, 24, 1]],
[[1, -12, 0, 156]],
[[1, 128, 0, 172], [0, 24], [8]],
[[1, 112, 0, 164]],
[[1, 96, 0, 155]],
[[1, 80, 0, 146]],
[[1, 64, 0, 136], [0, 24, 1]],
[[1, 48, 0, 126]],
[[1, 112, 0, 36], [0, 23]],
[[1, 96, 0, 44]],
[[1, 80, 0, 51]],
[[1, 64, 0, 58]],
[[1, 48, 0, 64], [0, 23, 1]],
[[1, 32, 0, 70]],
[[1, 106, 0, 70], [0, 23], [8]],
[[1, 90, 0, 78]],
[[1, 74, 0, 85]],
[[1, 58, 0, 92]],
[[1, 42, 0, 98], [0, 23, 1]],
[[1, 26, 0, 104]],
[[1, 92, 0, 208], [0, 24], [8]],
[[1, 76, 0, 200]],
[[1, 60, 0, 191]],
[[1, 44, 0, 182]],
[[1, 28, 0, 172], [0, 24, 1]],
[[1, 12, 0, 162]],
[[1, 104, 0, 178], [0, 24], [8]],
[[1, 88, 0, 170]],
[[1, 72, 0, 161]],
[[1, 56, 0, 152]],
[[1, 40, 0, 142], [0, 24, 1]],
[[1, 24, 0, 132]],
[[1, 88, 0, 42], [0, 23]],
[[1, 72, 0, 50]],
[[1, 56, 0, 57]],
[[1, 40, 0, 64]],
[[1, 24, 0, 70], [0, 23, 1]],
[[1, 8, 0, 76]],
[[1, 110, 0, 180], [0, 24], [8]],
[[1, 94, 0, 172]],
[[1, 78, 0, 163]],
[[1, 62, 0, 154]],
[[1, 46, 0, 144], [0, 24, 1]],
[[1, 30, 0, 134]],
[[1, 88, 0, 108], [0, 14, 2], [8]],
[[1, 72, 0, 100]],
[[1, 56, 0, 91]],
[[1, 40, 0, 82]],
[[1, 24, 0, 72]],
[[1, 8, 0, 62]],
[[1, -8, 0, 51]],
[[1, -24, 0, 40]],
[[1, -40, 0, 28]],
[[1, -56, 0, 16]],
[[1, -72, 0, 3]],
[[1, -88, 0, 0], [3, "Battle_Step_04", 100, 100], [4, 1, 7, 2, [24, 0]]],
[[1, -103, 0, 0]],
[[1, -117, 0, 0]],
[[1, -130, 0, 0]],
[[1, -142, 0, 0]],
[[1, -153, 0, 0]],
[[1, -163, 0, 0]],
[[1, -172, 0, 0]],
[[1, -180, 0, 0]],
[[1, -187, 0, 0]],
[[1, -193, 0, 0]],
[[1, -198, 0, 0]],
[[1, -202, 0, 0]],
[[1, -205, 0, 0]],
[[1, -207, 0, 0]],
[[1, -208, 0, 0]],
[[1, -208, 0, 0]]]