# 緋月乱麻
[[1, 0, 0, 0], [[0, 15]],
[],
[],
[],
[],
[],
[],
[],
[[1, -4, 0, 0]],
[[1, -8, 0, 0]],
[[1, -12, 0, 0]],
[[1, -16, 0, 0]],
[[1, -19, 0, 0]],
[[1, -22, 0, 0]],
[[1, -24, 0, 0]],
[[1, -26, 0, 0]],
[[1, -27, 0, 0]],
[[1, -28, 0, 0]],
[],
[],
[],
[],
[[0, 14], [9]],
[],
[],
[],
[],
[],
[],
[],
[[1, -36, 0, 0]],
[[1, -44, 0, 0]],
[[1, -51, 0, 0]],
[[1, -58, 0, 0]],
[[1, -64, 0, 0]],
[[1, -70, 0, 0]],
[[1, -75, 0, 0]],
[[1, -80, 0, 0]],
[[1, -84, 0, 0]],
[[1, -88, 0, 0]],
[[1, -91, 0, 0]],
[[1, -94, 0, 0]],
[[1, -96, 0, 0]],
[[1, -98, 0, 0]]]