# 餹𠆤
[[[1, 240, 0, -8], [0, 8]],
[[1, 224, 0, -16]],
[[1, 208, 0, -24]],
[[1, 192, 0, -32]],
[[1, 176, 0, -40]],
[[1, 160, 0, -48]],
[[1, 144, 0, -56]],
[[1, 128, 0, -64]],
[[1, 112, 0, -72]],
[[1, 96, 0, -80]],
[[1, 80, 0, -88]],
[[1, 64, 0, -96]],
[[1, 48, 0, -102]],
[[1, 32, 0, -106]],
[[1, 16, 0, -108]],
[[1, 0, 0, -108]],
[[1, -16, -2, -108]],
[[1, -32, -2, -108]],
[[1, -48, -2, -108]],
[[1, -64, -2, -108]],
[[1, -80, -2, -108]],
[[1, -96, -2, -108]],
[[1, -128, -2, -108]],
[[1, -144, -2, -108]],
[[1, -158, -2, -106], [0, 15, 2]],
[[1, -172, -2, -104]],
[[1, -184, -2, -102]],
[[1, -196, -2, -100]],
[[1, -206, -2, -98]],
[[1, -216, -2, -96]],
[[1, -224, -2, -92]],
[[1, -232, -2, -88]],
[[1, -238, -2, -84]],
[[1, -244, -2, -80]],
[[1, -248, -2, -76]],
[[1, -252, -2, -72]],
[[1, -254, -2, -68]],
[[1, -256, -2, -64]]]