# ï­òùÆf
[[[1, 120, 0, 0], [0, 17, 0, false], [2, 32], [3, "Battle_Step_01", 100, 90], [4, 1, 7, 2, [0, 5]]],
[[1, 118, 0, 8], [2, 64]],
[[1, 116, 0, 16], [2, 96]],
[[1, 114, 0, 23], [2, 128]],
[[1, 112, 0, 30], [2, 160]],
[[1, 110, 0, 36], [2, 192]],
[[1, 108, 0, 42], [2, 224]],
[[1, 106, 0, 47], [2, 255]],
[[1, 104, 0, 52]],
[[1, 102, 0, 56]],
[[1, 100, 0, 60], [0, 14]],
[[1, 98, 0, 63]],
[[1, 96, 0, 66]],
[[1, 94, 0, 68]],
[[1, 92, 0, 70]],
[[1, 90, 0, 71]],
[[1, 88, 0, 72]],
[[1, 86, 0, 72]],
[[1, 88, 0, 80]],
[[1, 90, 0, 88]],
[[1, 92, 0, 95]],
[[1, 94, 0, 102]],
[[1, 96, 0, 108], [0, 14, 4, false]],
[[1, 98, 0, 114]],
[[1, 100, 0, 119]],
[[1, 102, 0, 124]],
[[1, 104, 0, 128]],
[[1, 106, 0, 132]],
[[1, 108, 0, 135]],
[[1, 110, 0, 138]],
[[1, 112, 0, 140]],
[[1, 114, 0, 142]],
[[1, 116, 0, 143]],
[[1, 118, 0, 144]],
[[1, 120, 0, 144]],
[[1, 122, 0, 144]],
[[1, 124, 0, 143]],
[[1, 126, 0, 142]],
[[1, 128, 0, 140]],
[[1, 130, 0, 138]],
[[1, 132, 0, 135]],
[[1, 134, 0, 132]],
[[1, 136, 0, 128]],
[[1, 138, 0, 124]],
[[1, 140, 0, 119]],
[[1, 142, 0, 114]],
[[1, 144, 0, 108]],
[[1, 146, 0, 102]],
[[1, 148, 0, 95]],
[[1, 150, 0, 88]],
[[1, 152, 0, 80]],
[[1, 154, 0, 72]],
[[1, 156, 0, 63]],
[[1, 158, 0, 54]],
[[1, 160, 0, 44]],
[[1, 162, 0, 34]],
[[1, 164, 0, 22]],
[[1, 166, 0, 10]],
[[1, 168, 0, 0], [3, "Battle_Step_04", 100, 100]]]