# スラッシャー
[[[7, 1]],
[],
[],
[],
[],
[],
[],
[],
[],
[],
[],
[],
[],
[],
[],
[],
[],
[],
[],
[],
[],
[],
[],
[],
[],
[],
[],
[],
[],
[],
[],
[],
[],
[],
[],
[],
[],
[],
[],
[],
[],
[],
[],
[],
[],
[],
[],
[],
[],
[],
[],
[],
[[1, -4, 0, 10]],
[[1, 0, 0, 20]],
[[1, 4, 0, 29]],
[[1, 8, 0, 38]],
[[1, 12, 0, 46]],
[[1, 16, 0, 54]],
[[1, 20, 0, 61]],
[[1, 24, 0, 68]],
[[1, 28, 0, 74]],
[[1, 32, 0, 80]],
[[1, 36, 0, 85]],
[[1, 40, 0, 90]],
[[1, 44, 0, 94]],
[[1, 48, 0, 98]],
[[1, 52, 0, 101]],
[[1, 56, 0, 104]],
[[1, 60, 0, 106]],
[[1, 64, 0, 108]],
[[1, 60, 0, 109]],
[[1, 64, 0, 110]],
[[1, 68, 0, 110]],
[[1, 72, 0, 110]],
[[1, 76, 0, 109]],
[[1, 80, 0, 108]],
[[1, 84, 0, 106]],
[[1, 88, 0, 104]],
[[1, 92, 0, 101]],
[[1, 96, 0, 98]],
[[1, 100, 0, 94]],
[[1, 104, 0, 90]],
[[1, 108, 0, 85]],
[[1, 112, 0, 80]],
[[1, 116, 0, 74]],
[[1, 120, 0, 68]],
[[1, 124, 0, 61]],
[[1, 128, 0, 54]],
[[1, 132, 0, 46]],
[[1, 136, 0, 38]],
[[1, 140, 0, 29]],
[[1, 144, 0, 20]],
[[1, 148, 0, 10]],
[[1, 152, 0, 0], [0, 11], [3, "Battle_Step_04", 100, 100]],
[[1, 156, 0, 0]],
[[1, 160, 0, 0]],
[[1, 163, 0, 0]],
[[1, 166, 0, 0]],
[[1, 168, 0, 0]],
[[1, 170, 0, 0]],
[[1, 171, 0, 0]],
[[1, 172, 0, 0]]]