# バニティ
[[[1, 96, 0, 0], [0, 16], [2, 32]],
[[1, 88, 0, 0], [2, 64]],
[[1, 80, 0, 0], [2, 96]],
[[1, 72, 0, 0], [2, 128]],
[[1, 64, 0, 0], [2, 160]],
[[1, 60, 0, 0], [2, 192]],
[[1, 56, 0, 0], [2, 224]],
[[1, 52, 0, 0], [2, 255]],
[[1, 20, 0, 0]],
[[1, 18, 0, 0]],
[[1, 16, 0, 0]],
[[1, 14, 0, 0]],
[[1, 12, 0, 0]],
[[1, 12, 0, 0]],
[[1, 2, 0, 0]],
[[1, 2, 0, 0]],
[[1, 2, 0, 0]],
[[1, 2, 0, 0]],
[[1, 2, 0, 0]],
[[1, 2, 0, 0]],
[[1, -14, 0, 0]],
[[1, -14, 0, 0]],
[[1, -14, 0, 0]],
[[1, -14, 0, 0]],
[[1, -14, 0, 0]],
[[1, -14, 0, 0]],
[[1, -14, 0, 0]],
[[1, -14, 0, 0]],
[[1, -14, 0, 0]],
[[1, -14, 0, 0]],
[[1, -14, 0, 0]],
[[1, -14, 0, 0]],
[[1, -14, 0, 0]],
[[1, -14, 0, 0]],
[[1, -14, 0, 0]],
[[1, -14, 0, 0]],
[[1, -14, 0, 0]],
[[1, -14, 0, 0]],
[[1, -32, 0, 0]],
[[1, -32, 0, 0]],
[[1, -32, 0, 0]],
[[1, -32, 0, 0]],
[[1, -32, 0, 0]],
[[1, -32, 0, 0]],
[[1, -32, 0, 0]],
[[1, -32, 0, 0]],
[[1, -40, 0, 0]]]