# クイックエッジ
[[[1, 32, 0, 36], [0, 10, 0, false], [2, 32]],
[[1, 24, 0, 35], [2, 64]],
[[1, 16, 0, 33], [2, 96]],
[[1, 8, 0, 30], [2, 128]],
[[1, 0, 0, 26], [2, 160]],
[[1, -8, 0, 21], [2, 192]],
[[1, -16, 0, 15], [2, 224]],
[[1, -24, 0, 8], [2, 255]],
[[1, -32, 0, 0], [3, "Battle_Step_04", 100, 100], [0, 10, 0, true]],
[[1, -40, 0, 0]],
[[1, -48, 0, 0]],
[[1, -55, 0, 0]],
[[1, -62, 0, 0]],
[[1, -68, 0, 0]],
[[1, -74, 0, 0]],
[[1, -79, 0, 0]],
[[1, -84, 0, 0]],
[[1, -88, 0, 0]],
[[1, -92, 0, 0]],
[[1, -96, 0, 0]],
[[1, -100, 0, 0]],
[[1, -103, 0, 0]],
[[1, -106, 0, 0]],
[[1, -109, 0, 0]],
[[1, -112, 0, 0]],
[[1, -114, 0, 0]],
[[1, -116, 0, 0]],
[[1, -118, 0, 0]],
[[1, -120, 0, 0]],
[[1, -121, 0, 0]],
[[1, -122, 0, 0]],
[[1, -123, 0, 0]],
[[1, -124, 0, 0]]]