# 白夜流転
[[[2, 0]],
[],
[],
[],
[],
[],
[],
[],
[],
[],
[],
[],
[],
[],
[],
[],
[],
[],
[],
[],
[],
[],
[],
[],
[],
[],
[],
[],
[],
[],
[],
[],
[],
[],
[],
[],
[],
[],
[],
[],
[],
[],
[],
[],
[],
[],
[],
[],
[],
[],
[],
[],
[],
[],
[],
[],
[],
[],
[],
[],
[],
[],
[],
[],
[],
[],
[],
[],
[],
[],
[],
[],
[],
[],
[],
[],
[],
[],
[],
[],
[],
[],
[],
[],
[],
[],
[],
[],
[],
[[1, 88, 0, 108], [0, 14, 2], [2, 64]],
[[1, 72, 0, 100], [2, 128]],
[[1, 56, 0, 91], [2, 192]],
[[1, 40, 0, 82], [2, 255]],
[[1, 24, 0, 72]],
[[1, 8, 0, 62]],
[[1, -8, 0, 51]],
[[1, -24, 0, 40]],
[[1, -40, 0, 28]],
[[1, -56, 0, 16]],
[[1, -72, 0, 3]],
[[1, -88, 0, 0], [3, "Battle_Step_04", 100, 100], [4, 1, 7, 2, [24, 0]]],
[[1, -103, 0, 0]],
[[1, -117, 0, 0]],
[[1, -130, 0, 0]],
[[1, -142, 0, 0]],
[[1, -153, 0, 0]],
[[1, -163, 0, 0]],
[[1, -172, 0, 0]],
[[1, -180, 0, 0]],
[[1, -187, 0, 0]],
[[1, -193, 0, 0]],
[[1, -198, 0, 0]],
[[1, -202, 0, 0]],
[[1, -205, 0, 0]],
[[1, -207, 0, 0]],
[[1, -208, 0, 0]],
[[1, -208, 0, 0]]]