# ブラストネイル
[[[1, 114, 0, 4], [0, 14], [2, 32]],
[[1, 108, 0, 8], [2, 64]],
[[1, 102, 0, 11], [2, 96]],
[[1, 96, 0, 14], [2, 128]],
[[1, 90, 0, 16], [2, 160]],
[[1, 84, 0, 18], [2, 192]],
[[1, 78, 0, 19], [2, 224]],
[[1, 72, 0, 20], [2, 255]],
[[1, 66, 0, 20]],
[[1, 60, 0, 20]],
[[1, 54, 0, 19]],
[[1, 48, 0, 18]],
[[1, 42, 0, 16]],
[[1, 36, 0, 14]],
[[1, 30, 0, 11]],
[[1, 24, 0, 8]],
[[1, 18, 0, 4]],
[[1, 12, 0, 0], [0, 14, 1]],
[[1, 6, 0, 0]],
[[1, 0, 0, 0]],
[[1, -6, 0, 0]],
[[1, -12, 0, 0]],
[[1, -17, 0, 0]],
[[1, -22, 0, 0]],
[[1, -27, 0, 0]],
[[1, -32, 0, 0]],
[[1, -36, 0, 0]],
[[1, -40, 0, 0]],
[[1, -44, 0, 0]],
[[1, -48, 0, 0]],
[[1, -51, 0, 0]],
[[1, -54, 0, 0]],
[[1, -57, 0, 0]],
[[1, -60, 0, 0]],
[[1, -62, 0, 0]],
[[1, -64, 0, 0]],
[[1, -66, 0, 0]],
[[1, -68, 0, 0]],
[[1, -69, 0, 0]],
[[1, -70, 0, 0]],
[[1, -71, 0, 0]],
[[1, -72, 0, 0]]]