# サンダーレイジ
[[[0, 14]],
[],
[],
[],
[],
[],
[],
[],
[],
[],
[],
[],
[[6, 2, 6, 4]],
[],
[],
[],
[],
[],
[],
[],
[],
[],
[],
[],
[[0, 15, 2]],
[],
[],
[],
[[6, 2, 6, 3]],
[],
[],
[],
[[0, 6, 6], [7, 1], [3, "Battle_Fly_01", 100, 120], [9]],
[],
[],
[],
[],
[],
[],
[],
[],
[],
[],
[],
[],
[],
[[1, 90, 0, 0], [0, 23], [2, 32], [8]],
[[1, 86, 0, 0], [2, 64]],
[[1, 82, 0, 0], [2, 96]],
[[1, 78, 0, 0], [2, 128]],
[[1, 74, 0, 0], [2, 160]],
[[1, 72, 0, 0], [2, 192]],
[[1, 70, 0, 0], [2, 224]],
[[1, 68, 0, 0], [2, 255]],
[[1, 58, 0, 8]],
[[1, 56, 0, 16]],
[[1, 54, 0, 23], [2, 224]],
[[1, 52, 0, 30], [2, 192]],
[[1, 51, 0, 36], [2, 160]],
[[1, 50, 0, 42], [2, 128]],
[[1, 49, 0, 47], [2, 96]],
[[1, 48, 0, 52], [2, 64]],
[[1, 48, 0, 56], [2, 32]],
[[1, 48, 0, 60], [2, 0]],
[[1, 40, 0, 122], [0, 24], [2, 32], [8]],
[[1, 39, 0, 124], [2, 64]],
[[1, 38, 0, 126], [2, 96]],
[[1, 37, 0, 127], [2, 128]],
[[1, 36, 0, 128], [2, 160]],
[[1, 35, 0, 128], [2, 192]],
[[1, 34, 0, 128], [2, 224]],
[[1, 33, 0, 127], [2, 255]],
[[1, 32, 0, 126]],
[[1, 31, 0, 124]],
[[1, 30, 0, 122]],
[[1, 29, 0, 119], [2, 224]],
[[1, 28, 0, 116], [2, 192]],
[[1, 27, 0, 112], [2, 160]],
[[1, 26, 0, 108], [2, 128]],
[[1, 25, 0, 103], [2, 96]],
[[1, 24, 0, 98], [2, 64]],
[[1, 23, 0, 92], [2, 32]],
[[1, 22, 0, 86], [2, 0]],
[[1, 20, 0, 0]]]