# エアスラッシュ
[[[1, 108, 0, 0], [0, 16], [2, 32]],
[[1, 104, 0, 0], [2, 64]],
[[1, 100, 0, 0], [2, 96]],
[[1, 96, 0, 0], [2, 128]],
[[1, 93, 0, 0], [2, 160]],
[[1, 90, 0, 0], [2, 192]],
[[1, 87, 0, 0], [2, 224]],
[[1, 84, 0, 0], [2, 255]],
[[1, 82, 0, 0]],
[[1, 80, 0, 0]],
[[1, 78, 0, 0]],
[[1, 76, 0, 0]],
[[1, 74, 0, 0]],
[[1, 72, 0, 0]],
[[1, 70, 0, 0]],
[[1, 69, 0, 0]],
[[1, 68, 0, 0]],
[[1, 67, 0, 0]],
[[1, 66, 0, 0]],
[[1, 65, 0, 0]],
[[1, 64, 0, 0], [0, 17]],
[[1, 64, 0, 0]],
[[1, 64, 0, 0]],
[[1, 64, 0, 0]],
[[1, 64, 0, 0]],
[[1, 64, 0, 0]],
[[1, 64, 0, 0]],
[[1, 64, 0, 0]],
[[1, 56, 0, 0]],
[[1, 48, 0, 0]],
[[1, 40, 0, 0]],
[[1, 32, 0, 0]],
[[1, 24, 0, 0]],
[[1, 16, 0, 0]],
[[1, 8, 0, 0]],
[[1, 0, 0, 0]],
[[1, -8, 0, 0]],
[[1, -16, 0, 0]],
[[1, -24, 0, 0]],
[[1, -32, 0, 0]],
[[1, -40, 0, 0]],
[[1, -48, 0, 0]],
[[1, -56, 0, 0]],
[[1, -64, 0, 0]],
[[1, -72, 0, 0]],
[[1, -80, 0, 0]],
[[1, -88, 0, 0]],
[[1, -96, 0, 0]],
[[1, -100, 0, 0]],
[[1, -104, 0, 0]],
[[1, -108, 0, 0]],
[[1, -112, 0, 0]],
[[1, -114, 0, 0]],
[[1, -116, 0, 0]],
[[1, -118, 0, 0]],
[[1, -119, 0, 0]],
[[1, -120, 0, 0]],
[[1, -121, 0, 0]],
[[1, -122, 0, 0]]]