# 偽レイウィング
[[[0, 15]],
[],
[],
[],
[],
[],
[],
[],
[],
[],
[],
[],
[[6, 2, 6, 4]],
[],
[],
[],
[],
[],
[],
[],
[],
[],
[],
[],
[[0, 16, 1]],
[],
[],
[],
[[6, 2, 6, 3]],
[],
[],
[],
[[0, 6, 1], [3, "Battle_Fly_01", 100, 120], [7, 1], [9]],
[],
[],
[],
[],
[],
[],
[],
[],
[],
[],
[],
[],
[],
[[0, 15, 1], [1, 96, 0, 0], [2, 32]],
[[1, 88, 0, 0], [2, 64]],
[[1, 80, 0, 0], [2, 96]],
[[1, 72, 0, 0], [2, 128]],
[[1, 64, 0, 0], [2, 160]],
[[1, 56, 0, 0], [2, 192]],
[[1, 48, 0, 0], [2, 224]],
[[1, 40, 0, 0], [2, 255]],
[[1, 32, 0, 0]],
[[1, 24, 0, 0]],
[[1, 16, 0, 0]],
[[1, 8, 0, 0]],
[[1, 0, 0, 0]],
[[1, -8, 0, 0]],
[[1, -16, 0, 0]],
[[1, -24, 0, 0]],
[[1, -32, 0, 0]],
[[1, -40, 0, 0]],
[[1, -48, 0, 0]],
[[1, -56, 0, 0]],
[[1, -64, 0, 0]],
[[1, -72, 0, 0]],
[[1, -80, 0, 0]],
[[1, -88, 0, 0]],
[[1, -96, 0, 0]],
[[1, -100, 0, 0]],
[[1, -104, 0, 0]],
[[1, -108, 0, 0]],
[[1, -110, 0, 0]],
[[1, -112, 0, 0]],
[[1, -113, 0, 0]],
[[1, -114, 0, 0]]]