# ポイズンブロウ
[[[1, 96, 0, 0], [2, 32], [0, 14]],
[[1, 96, 0, 0], [2, 64]],
[[1, 96, 0, 0], [2, 96]],
[[1, 96, 0, 0], [2, 128]],
[[1, 96, 0, 0], [2, 160]],
[[1, 96, 0, 0], [2, 192]],
[[1, 96, 0, 0], [2, 224]],
[[1, 96, 0, 0], [2, 255]],
[[1, 96, 0, 0]],
[[1, 96, 0, 0]],
[[1, 96, 0, 0]],
[[1, 96, 0, 0]],
[[1, 96, 0, 0]],
[[1, 96, 0, 0]],
[[1, 96, 0, 0]],
[[1, 96, 0, 0]],
[[1, 96, 0, 0]],
[[1, 96, 0, 0]],
[[1, 96, 0, 0]],
[[1, 96, 0, 0]],
[[1, 48, 0, 0]],
[[1, 44, 0, 0]],
[[1, 40, 0, 0]],
[[1, 36, 0, 0]],
[[1, 34, 0, 0]],
[[1, 32, 0, 0]],
[[1, 28, 0, 0]],
[[1, 26, 0, 0]],
[[1, 25, 0, 0]],
[[1, 24, 0, 0]],
[[1, 23, 0, 0]],
[[1, 22, 0, 0]]]