# クイックエッジ
[[[1, 144, 0, 36], [0, 14, 3, false], [2, 32]],
[[1, 132, 0, 35], [2, 64]],
[[1, 120, 0, 33], [2, 96]],
[[1, 108, 0, 30], [2, 128]],
[[1, 96, 0, 26], [0, 14, 4, false], [2, 160]],
[[1, 84, 0, 21], [2, 192]],
[[1, 72, 0, 15], [2, 224]],
[[1, 60, 0, 8], [2, 255]],
[[1, 48, 0, 0], [0, 14, 5], [3, "Battle_Step_04", 100, 100]],
[[1, 40, 0, 0]],
[[1, 32, 0, 0]],
[[1, 25, 0, 0]],
[[1, 18, 0, 0]],
[[1, 12, 0, 0]],
[[1, 6, 0, 0]],
[[1, 1, 0, 0]],
[[1, -4, 0, 0]],
[[1, -8, 0, 0]],
[[1, -12, 0, 0]],
[[1, -16, 0, 0]],
[[1, -20, 0, 0]],
[[1, -23, 0, 0]],
[[1, -26, 0, 0]],
[[1, -29, 0, 0]],
[[1, -32, 0, 0]],
[[1, -34, 0, 0]],
[[1, -36, 0, 0]],
[[1, -38, 0, 0]],
[[1, -40, 0, 0]],
[[1, -41, 0, 0]],
[[1, -42, 0, 0]],
[[1, -43, 0, 0]],
[[1, -44, 0, 0]]]