# 鳳凰天舞
[[[1, 0, 0, 0], [2, 0]],
[],
[],
[],
[],
[],
[],
[],
[],
[],
[],
[],
[],
[],
[],
[],
[],
[],
[],
[],
[],
[],
[],
[],
[],
[],
[],
[],
[],
[],
[],
[],
[],
[],
[],
[],
[],
[],
[],
[],
[],
[],
[],
[],
[],
[],
[],
[],
[],
[],
[],
[],
[],
[],
[],
[],
[],
[],
[],
[],
[],
[],
[],
[],
[],
[],
[],
[],
[],
[],
[],
[],
[],
[],
[],
[],
[],
[],
[],
[],
[],
[],
[[11, 563, true]],
[],
[],
[],
[],
[],
[],
[],
[],
[],
[],
[],
[],
[],
[],
[],
[],
[],
[],
[],
[[1, 0, 0, 8], [9, 0, 256, 1.2, 40], [10, 0, 0, 8]],
[[1, 0, 0, 16], [10, 0, 0, 8]],
[[1, 0, 0, 24], [10, 0, 0, 8]],
[[1, 0, 0, 32], [10, 0, 0, 8]],
[[1, 0, 0, 40], [10, 0, 0, 8]],
[[1, 0, 0, 48], [10, 0, 0, 8]],
[[1, 0, 0, 56], [10, 0, 0, 8]],
[[1, 0, 0, 64], [10, 0, 0, 8]],
[[1, 0, 0, 72], [10, 0, 0, 8]],
[[1, 0, 0, 80], [10, 0, 0, 8]],
[[1, 0, 0, 88], [10, 0, 0, 8]],
[[1, 0, 0, 96], [10, 0, 0, 8]],
[[1, 0, 0, 104], [10, 0, 0, 8]],
[[1, 0, 0, 112], [10, 0, 0, 8]],
[[1, 0, 0, 120], [10, 0, 0, 8]],
[[1, 0, 0, 128], [10, 0, 0, 8]],
[[1, 0, 0, 136], [10, 0, 0, 8]],
[[1, 0, 0, 144], [10, 0, 0, 8]],
[[1, 0, 0, 152], [10, 0, 0, 8]],
[[1, 0, 0, 160], [10, 0, 0, 8]],
[[1, 0, 0, 168], [10, 0, 0, 8]],
[[1, 0, 0, 176], [10, 0, 0, 8]],
[[1, 0, 0, 184], [10, 0, 0, 8]],
[[1, 0, 0, 192], [10, 0, 0, 8]],
[[1, 0, 0, 200], [10, 0, 0, 8]],
[[1, 0, 0, 208], [10, 0, 0, 8]],
[[1, 0, 0, 216], [10, 0, 0, 8]],
[[1, 0, 0, 224], [10, 0, 0, 8]],
[[1, 0, 0, 232], [10, 0, 0, 8]],
[[1, 0, 0, 240], [10, 0, 0, 8]],
[[1, 0, 0, 248], [10, 0, 0, 8]],
[[1, 0, 0, 256], [10, 0, 0, 8]],
[[1, 0, 0, 264], [10, 0, 0, 8]],
[[1, 0, 0, 272], [10, 0, 0, 8]],
[[1, 0, 0, 280], [10, 0, 0, 8]],
[[1, 0, 0, 288], [10, 0, 0, 8]],
[[1, 0, 0, 296], [10, 0, 0, 8]],
[[1, 0, 0, 304], [10, 0, 0, 8]],
[[1, 0, 0, 312], [10, 0, 0, 8]],
[[1, 0, 0, 320], [10, 0, 0, 8]],
[[1, 0, 0, 328], [10, 0, 0, 8]],
[[1, 0, 0, 336], [10, 0, 0, 8]],
[[1, 0, 0, 344], [10, 0, 0, 8]],
[[1, 0, 0, 352], [10, 0, 0, 8]],
[[1, 0, 0, 360], [10, 0, 0, 8]],
[[1, 0, 0, 368], [10, 0, 0, 8]]]