# クリスクロス
[[[1, 110, 0, 0], [0, 16], [2, 32]],
[[1, 106, 0, 0], [2, 64]],
[[1, 102, 0, 0], [2, 96]],
[[1, 98, 0, 0], [2, 128]],
[[1, 95, 0, 0], [2, 160]],
[[1, 93, 0, 0], [2, 192]],
[[1, 91, 0, 0], [2, 224]],
[[1, 89, 0, 0], [2, 255]],
[[1, 85, 0, 0]],
[[1, 83, 0, 0]],
[[1, 81, 0, 0]],
[[1, 79, 0, 0]],
[[1, 67, 0, 0]],
[[1, 66, 0, 0]],
[[1, 65, 0, 0]],
[[1, 64, 0, 0]],
[[1, 64, 0, 0], [0, 17]],
[[1, 64, 0, 0]],
[[1, 64, 0, 0]],
[[1, 64, 0, 0]],
[[1, 61, 0, 0]],
[[1, 60, 0, 0]],
[[1, 59, 0, 0]],
[[1, 58, 0, 0]],
[[1, 57, 0, 0]],
[[1, 56, 0, 0]],
[[1, 55, 0, 0]],
[[1, 54, 0, 0]],
[[1, 46, 0, 0]],
[[1, 45, 0, 0]],
[[1, 44, 0, 0]],
[[1, 43, 0, 0]],
[[1, 38, 0, 0], [0, 16]],
[[1, 36, 0, 0]],
[[1, 34, 0, 0]],
[[1, 32, 0, 0]],
[[1, 27, 0, 0]],
[[1, 23, 0, 0]],
[[1, 19, 0, 0]],
[[1, 15, 0, 0]],
[[1, 5, 0, 0]],
[[1, -3, 0, 0]],
[[1, -11, 0, 0]],
[[1, -19, 0, 0]],
[[1, -37, 0, 0]],
[[1, -45, 0, 0]],
[[1, -53, 0, 0]],
[[1, -61, 0, 0]],
[[1, -70, 0, 0]],
[[1, -78, 0, 0]],
[[1, -86, 0, 0]],
[[1, -94, 0, 0]],
[[1, 122, 0, 0], [0, 17], [8]],
[[1, 124, 0, 0]],
[[1, 126, 0, 0]],
[[1, 128, 0, 0]],
[[1, 126, 0, 0]],
[[1, 125, 0, 0]],
[[1, 124, 0, 0]],
[[1, 123, 0, 0]],
[[1, 120, 0, 0]],
[[1, 119, 0, 0]],
[[1, 118, 0, 0]],
[[1, 117, 0, 0]],
[[1, 106, 0, 0]],
[[1, 105, 0, 0]],
[[1, 104, 0, 0]],
[[1, 103, 0, 0]],
[[1, 102, 0, 0], [0, 13, 12]],
[[1, 102, 0, 0]],
[[1, 102, 0, 0]],
[[1, 102, 0, 0]],
[[1, 102, 0, 0]],
[[1, 102, 0, 0]],
[[1, 102, 0, 0]],
[[1, 102, 0, 0]],
[[1, 102, 0, 0], [0, 13, 14]],
[[1, 102, 0, 0]],
[[1, 102, 0, 0]],
[[1, 102, 0, 0]],
[[1, 102, 0, 0]],
[[1, 102, 0, 0]],
[[1, 102, 0, 0]],
[[1, 102, 0, 0]],
[[1, 72, 0, 0], [0, 12, 1]],
[[1, 72, 0, 0]],
[[1, 72, 0, 0]],
[[1, 72, 0, 0]],
[[1, 72, 0, 0]],
[[1, 72, 0, 0]],
[[1, 72, 0, 0]],
[[1, 72, 0, 0]],
[[1, 72, 0, 0]],
[[1, 72, 0, 0]],
[[1, 72, 0, 0]],
[[1, 72, 0, 0]],
[[1, 72, 0, 0]],
[[1, 72, 0, 0]],
[[1, 72, 0, 0]],
[[1, 72, 0, 0]],
[[1, 72, 0, 0]],
[[1, 72, 0, 0]],
[[1, 72, 0, 0]],
[[1, 72, 0, 0]],
[[1, 72, 0, 0]],
[[1, 72, 0, 0]],
[[1, 72, 0, 0]],
[[1, 72, 0, 0]],
[[1, 56, 0, 0], [0, 22]],
[[1, 40, 0, 0]],
[[1, 24, 0, 0]],
[[1, 8, 0, 0]],
[[1, -8, 0, 0]],
[[1, -24, 0, 0]],
[[1, -40, 0, 0]],
[[1, -56, 0, 0]],
[[1, -64, 0, 0]],
[[1, -72, 0, 0]],
[[1, -80, 0, 0]],
[[1, -88, 0, 0]],
[[1, -92, 0, 0]],
[[1, -96, 0, 0]],
[[1, -100, 0, 0]],
[[1, -104, 0, 0]],
[[1, -106, 0, 0]],
[[1, -108, 0, 0]],
[[1, -110, 0, 0]],
[[1, 112, 0, 0], [0, 9], [8]]
]