# 氷塵剣
[[[1, 96, 0, 66], [0, 14, 1], [2, 32], [3, "Battle_Step_01", 100, 90], [4, 1, 7, 2, [0, 5]]],
[[1, 94, 0, 68], [2, 64]],
[[1, 92, 0, 70], [2, 96]],
[[1, 90, 0, 71], [2, 128]],
[[1, 88, 0, 72], [2, 160]],
[[1, 86, 0, 72], [2, 192]],
[[1, 84, 0, 72], [2, 224]],
[[1, 82, 0, 71], [2, 255]],
[[1, 80, 0, 70]],
[[1, 78, 0, 68]],
[[1, 76, 0, 66]],
[[1, 74, 0, 63]],
[[1, 72, 0, 60]],
[[1, 70, 0, 56]],
[[1, 68, 0, 52]],
[[1, 66, 0, 47]],
[[1, 64, 0, 42]],
[[1, 62, 0, 36]],
[[1, 60, 0, 30]],
[[1, 58, 0, 23]],
[[1, 56, 0, 16]],
[[1, 54, 0, 8]],
[[1, 52, 0, 0]],
[[1, 50, 0, 0]],
[[1, 48, 0, 0]],
[[1, 46, 0, 0]],
[[1, 45, 0, 0]],
[[1, 44, 0, 0]],
[[1, 43, 0, 0]],
[[1, 42, 0, 0]],
[[1, 41, 0, 0]],
[[1, 40, 0, 0]],
[[1, 39, 0, 0]],
[[1, 38, 0, 0]],
[[1, 37, 0, 0]],
[[1, 36, 0, 0]],
[[1, 35, 0, 0]],
[[1, 34, 0, 0]],
[[1, 33, 0, 0], [0, 6, 0, false]],
[[1, 32, 0, 0]],
[[1, 31, 0, 0]],
[[1, 30, 0, 0]],
[[1, 29, 0, 8], [0, 14, 1]],
[[1, 28, 0, 16]],
[[1, 27, 0, 23]],
[[1, 26, 0, 30]],
[[1, 25, 0, 36]],
[[1, 24, 0, 42]],
[[1, 23, 0, 47]],
[[1, 22, 0, 52]],
[[1, 21, 0, 56]],
[[1, 20, 0, 60]],
[[1, 19, 0, 63], [2, 224]],
[[1, 18, 0, 66], [2, 192]],
[[1, 17, 0, 68], [2, 160]],
[[1, 16, 0, 70], [2, 128]],
[[1, 15, 0, 71], [2, 96]],
[[1, 14, 0, 72], [2, 64]],
[[1, 13, 0, 72], [2, 32]],
[[1, 12, 0, 72], [2, 0]],
[[1, 11, 0, 0]]]