# 虎狼撃
[[[1, 96, 0, 0], [2, 32], [0, 6, 1]],
[[1, 88, 0, 0], [2, 64]],
[[1, 80, 0, 0], [2, 96]],
[[1, 72, 0, 0], [2, 128]],
[[1, 64, 0, 0], [2, 160]],
[[1, 56, 0, 0], [2, 192]],
[[1, 48, 0, 0], [2, 224]],
[[1, 40, 0, 0], [2, 255]],
[[1, 32, 0, 0]],
[[1, 24, 0, 0]],
[[1, 16, 0, 0]],
[[1, 10, 0, 0]],
[[1, 6, 0, 0]],
[[1, 3, 0, 0]],
[[1, 1, 0, 0]],
[[1, 0, 0, 0]],
[[0, 14, 0, false]],
[],
[],
[],
[],
[],
[],
[],
[],
[],
[],
[],
[[0, 14]],
[],
[],
[],
[],
[],
[],
[],
[],
[],
[],
[],
[],
[],
[],
[],
[],
[],
[],
[],
[],
[],
[],
[]]