# 上弦の太刀
[[[1, 96, 0, 0], [0, 15], [2, 32]],
[[1, 96, 0, 0], [2, 64]],
[[1, 96, 0, 0], [2, 96]],
[[1, 96, 0, 0], [2, 128]],
[[1, 96, 0, 0], [2, 160]],
[[1, 96, 0, 0], [2, 192]],
[[1, 96, 0, 0], [2, 224]],
[[1, 88, 0, 0], [2, 255]],
[[1, 80, 0, 0]],
[[1, 72, 0, 0]],
[[1, 64, 0, 0]],
[[1, 56, 0, 0]],
[[1, 49, 0, 0]],
[[1, 42, 0, 0]],
[[1, 36, 0, 0]],
[[1, 30, 0, 0]],
[[1, 25, 0, 0]],
[[1, 20, 0, 0]],
[[1, 16, 0, 0]],
[[1, 12, 0, 0]],
[[1, 9, 0, 0]],
[[1, 6, 0, 0]],
[[1, 4, 0, 0]],
[[1, 2, 0, 0]],
[[1, 1, 0, 0]],
[[1, 0, 0, 0]],
[],
[],
[],
[],
[],
[],
[],
[]]