# メテオドライヴ
[[[1, 152, 0, 90], [0, 20], [2, 32]],
[[1, 144, 0, 90], [2, 64]],
[[1, 136, 0, 89], [2, 96]],
[[1, 128, 0, 88], [2, 128]],
[[1, 120, 0, 86], [2, 160]],
[[1, 112, 0, 84], [2, 192]],
[[1, 104, 0, 81], [2, 224]],
[[1, 96, 0, 78], [2, 255]],
[[1, 88, 0, 74]],
[[1, 80, 0, 70]],
[[1, 72, 0, 65]],
[[1, 64, 0, 60]],
[[1, 56, 0, 54]],
[[1, 48, 0, 48]],
[[1, 40, 0, 41]],
[[1, 32, 0, 34]],
[[1, 24, 0, 26]],
[[1, 16, 0, 18]],
[[1, 8, 0, 9]],
[[1, 0, 0, 0], [0, 10]],
[[1, -8, 0, 0]],
[[1, -15, 0, 0]],
[[1, -21, 0, 0]],
[[1, -26, 0, 0]],
[[1, -30, 0, 0]],
[[1, -33, 0, 0]],
[[1, -35, 0, 0]],
[[1, -36, 0, 0]],
[[1, -36, 0, 0]]]