# 氷塵剣
[[[1, 76, 0, 66], [0, 17, 0, false], [2, 32], [3, "Battle_Step_01", 100, 90], [4, 1, 7, 2, [0, 5]]],
[[1, 74, 0, 68], [2, 64]],
[[1, 72, 0, 70], [2, 96]],
[[1, 70, 0, 71], [2, 128]],
[[1, 68, 0, 72], [2, 160]],
[[1, 66, 0, 72], [2, 192]],
[[1, 64, 0, 72], [2, 224]],
[[1, 62, 0, 71], [2, 255]],
[[1, 60, 0, 70]],
[[1, 58, 0, 68]],
[[1, 56, 0, 66]],
[[1, 54, 0, 63]],
[[1, 52, 0, 60]],
[[1, 50, 0, 56]],
[[1, 48, 0, 52], [0, 14]],
[[1, 46, 0, 47]],
[[1, 44, 0, 42]],
[[1, 42, 0, 36]],
[[1, 40, 0, 30]],
[[1, 38, 0, 23]],
[[1, 36, 0, 16]],
[[1, 34, 0, 8]],
[[1, 32, 0, 0]],
[[1, 32, 0, 0]],
[[1, 32, 0, 0]],
[[1, 32, 0, 0]],
[[1, 31, 0, 0]],
[[1, 30, 0, 0]],
[[1, 29, 0, 0]],
[[1, 28, 0, 0]],
[[1, 27, 0, 0], [0, 16]],
[[1, 26, 0, 0]],
[[1, 25, 0, 0], [0, 16, 1]],
[[1, 24, 0, 0]],
[[1, 23, 0, 0], [0, 16, 2]],
[[1, 22, 0, 0]],
[[1, 21, 0, 0]],
[[1, 20, 0, 0]],
[[1, 19, 0, 0]],
[[1, 18, 0, 0]],
[[1, 17, 0, 0]],
[[1, 16, 0, 0]],
[[1, 15, 0, 8]],
[[1, 14, 0, 16]],
[[1, 13, 0, 23]],
[[1, 12, 0, 30]],
[[1, 11, 0, 36]],
[[1, 10, 0, 42]],
[[1, 9, 0, 47]],
[[1, 8, 0, 52]],
[[1, 7, 0, 56]],
[[1, 6, 0, 60]],
[[1, 5, 0, 63], [0, 16], [2, 224]],
[[1, 4, 0, 66], [2, 192]],
[[1, 3, 0, 68], [2, 160]],
[[1, 2, 0, 70], [2, 128]],
[[1, 1, 0, 71], [2, 96]],
[[1, 0, 0, 72], [2, 64]],
[[1, -1, 0, 72], [2, 32]],
[[1, -2, 0, 72], [2, 0]],
[[1, -3, 0, 0]]]