# デッドエンド
[[[1, 96, 0, 0], [0, 16], [2, 32]],
[[1, 92, 0, 0], [2, 64]],
[[1, 88, 0, 0], [2, 96]],
[[1, 84, 0, 0], [2, 128]],
[[1, 81, 0, 0], [2, 160]],
[[1, 78, 0, 0], [2, 192]],
[[1, 75, 0, 0], [2, 224]],
[[1, 72, 0, 0], [2, 255]],
[[1, 70, 0, 0]],
[[1, 68, 0, 0]],
[[1, 66, 0, 0]],
[[1, 64, 0, 0]],
[[1, 62, 0, 0]],
[[1, 60, 0, 0]],
[[1, 58, 0, 0]],
[[1, 57, 0, 0]],
[[1, 56, 0, 0], [2, 192]],
[[1, 55, 0, 0], [2, 128]],
[[1, 54, 0, 0], [2, 64]],
[[1, 53, 0, 0], [2, 0]],
[[1, 128, 0, 0], [0, 23, 0, false], [2, 32], [8]],
[[1, 122, 0, 0], [2, 64]],
[[1, 118, 0, 0], [2, 96]],
[[1, 114, 0, 0], [2, 128]],
[[1, 110, 0, 0], [2, 160]],
[[1, 108, 0, 0], [2, 192]],
[[1, 106, 0, 0], [2, 224]],
[[1, 104, 0, 0], [2, 255]],
[[1, 102, 0, 0]],
[[1, 101, 0, 0]],
[[1, 100, 0, 0]],
[[1, 99, 0, 0]],
[[1, 90, 0, 8], [0, 23, 1], [2, 192]],
[[1, 88, 0, 16], [2, 128]],
[[1, 86, 0, 23], [2, 64]],
[[1, 84, 0, 30], [0, 0], [2, 0]],
[[1, 54, 0, 1], [0, 23], [2, 32], [8]],
[[1, 52, 0, 2], [2, 64]],
[[1, 50, 0, 4], [2, 96]],
[[1, 48, 0, 6], [2, 128]],
[[1, 46, 0, 9], [2, 160]],
[[1, 44, 0, 12], [2, 192]],
[[1, 42, 0, 16], [2, 224]],
[[1, 40, 0, 20], [2, 255]],
[[1, 31, 0, 28], [2, 192]],
[[1, 30, 0, 36], [2, 128]],
[[1, 29, 0, 43], [2, 64]],
[[1, 28, 0, 50], [2, 0]],
[[1, 40, 0, 102], [0, 24], [2, 32], [8]],
[[1, 39, 0, 104], [2, 64]],
[[1, 38, 0, 106], [2, 96]],
[[1, 37, 0, 107], [2, 128]],
[[1, 36, 0, 108], [2, 160]],
[[1, 35, 0, 108], [2, 192]],
[[1, 34, 0, 108], [2, 224]],
[[1, 33, 0, 107], [2, 255]],
[[1, 32, 0, 106]],
[[1, 31, 0, 104]],
[[1, 30, 0, 102]],
[[1, 29, 0, 99]],
[[1, 28, 0, 96], [2, 192]],
[[1, 27, 0, 92], [2, 128]],
[[1, 26, 0, 88], [2, 64]],
[[1, 25, 0, 83], [2, 0]],
[[1, 128, 0, 0], [0, 16, 2], [2, 32], [8]],
[[1, 112, 0, 0], [2, 64]],
[[1, 96, 0, 0], [2, 96]],
[[1, 80, 0, 0], [2, 128]],
[[1, 64, 0, 0], [2, 160]],
[[1, 48, 0, 0], [2, 192]],
[[1, 32, 0, 0], [2, 224]],
[[1, 16, 0, 0], [2, 255]],
[[1, 8, 0, 0]],
[[1, 0, 0, 0]],
[[1, -8, 0, 0]],
[[1, -16, 0, 0]],
[[1, -20, 0, 0]],
[[1, -24, 0, 0]],
[[1, -28, 0, 0]],
[[1, -32, 0, 0]],
[[1, -34, 0, 0]],
[[1, -36, 0, 0]],
[[1, -38, 0, 0]],
[[1, -40, 0, 0]]]
