# シャドウリッパー
[[[1, 90, 0, 0], [0, 23], [2, 32], [8]],
[[1, 86, 0, 0], [2, 64]],
[[1, 82, 0, 0], [2, 96]],
[[1, 78, 0, 0], [2, 128]],
[[1, 74, 0, 0], [2, 160]],
[[1, 72, 0, 0], [2, 192]],
[[1, 70, 0, 0], [2, 224]],
[[1, 68, 0, 0], [2, 255]],
[[1, 58, 0, 8]],
[[1, 56, 0, 16]],
[[1, 54, 0, 23]],
[[1, 52, 0, 30]],
[[1, 51, 0, 36], [2, 224]],
[[1, 50, 0, 42], [2, 192]],
[[1, 49, 0, 47], [2, 160]],
[[1, 48, 0, 52], [2, 128]],
[[1, 48, 0, 56], [2, 96]],
[[1, 48, 0, 60], [2, 64]],
[[1, 48, 0, 63], [2, 32]],
[[1, 48, 0, 66], [2, 0]],
[],
[],
[],
[],
[],
[],
[],
[],
[],
[],
[],
[],
[],
[],
[],
[],
[],
[],
[],
[],
[],
[[1, 16, 0, 65], [2, 32], [8], [0, 9, 2]],
[[1, 18, 0, 70], [2, 64]],
[[1, 20, 0, 74], [2, 96]],
[[1, 22, 0, 78], [2, 128]],
[[1, 24, 0, 81], [2, 160]],
[[1, 26, 0, 84], [2, 192]],
[[1, 28, 0, 86], [2, 224]],
[[1, 30, 0, 88], [2, 255]],
[[1, 32, 0, 89]],
[[1, 34, 0, 90]],
[[1, 36, 0, 90]],
[[1, 38, 0, 90]],
[[1, 40, 0, 89]],
[[1, 42, 0, 88]],
[[1, 44, 0, 86]],
[[1, 46, 0, 84]],
[[1, 46, 0, 81]],
[[1, 48, 0, 78]],
[[1, 50, 0, 74]],
[[1, 52, 0, 70]],
[[1, 54, 0, 65]],
[[1, 56, 0, 60]],
[[1, 58, 0, 54]],
[[1, 60, 0, 48]],
[[1, 62, 0, 41]],
[[1, 64, 0, 34]],
[[1, 66, 0, 26]],
[[1, 68, 0, 18]],
[[1, 70, 0, 9]],
[[1, 72, 0, 0], [0, 10], [3, "Battle_Step_04", 100, 100]],
[[1, 74, 0, 0]],
[[1, 76, 0, 0]],
[[1, 78, 0, 0]],
[[1, 80, 0, 0]],
[[1, 81, 0, 0]],
[[1, 82, 0, 0]],
[[1, 83, 0, 0]],
[[1, 84, 0, 0]]]