# 蒼流夢幻衝
[[[1, 96, 0, 0], [0, 16], [2, 32], [8]],
[[1, 89, 0, 0], [2, 64]],
[[1, 82, 0, 0], [2, 96]],
[[1, 76, 0, 0], [2, 128]],
[[1, 70, 0, 0], [2, 160]],
[[1, 65, 0, 0], [2, 192]],
[[1, 60, 0, 0], [2, 224]],
[[1, 56, 0, 0], [2, 255]],
[[1, 52, 0, 0]],
[[1, 49, 0, 0]],
[[1, 46, 0, 0]],
[[1, 44, 0, 0]],
[[1, 42, 0, 0]],
[[1, 41, 0, 0]],
[[1, 40, 0, 0], [0, 14]],
[[1, 40, 0, 0]],
[[1, 30, 0, 0]],
[[1, 20, 0, 0]],
[[1, 11, 0, 0]],
[[1, 2, 0, 0]],
[[1, -6, 0, 0]],
[[1, -14, 0, 0]],
[[1, -20, 0, 0]],
[[1, -26, 0, 0]],
[[1, -31, 0, 0]],
[[1, -36, 0, 0]],
[[1, -40, 0, 0]],
[[1, -44, 0, 0]],
[[1, -47, 0, 0]],
[[1, -50, 0, 0]],
[[1, -52, 0, 0]],
[[1, -54, 0, 0]],
[[1, 40, 0, 0], [0, 17], [8]],
[[1, 38, 0, 0]],
[[1, 36, 0, 0]],
[[1, 34, 0, 0]],
[[1, 32, 0, 0]],
[[1, 30, 0, 0]],
[[1, 28, 0, 0]],
[[1, 26, 0, 0]],
[[1, 24, 0, 0]],
[[1, 22, 0, 0]],
[[1, 20, 0, 0]],
[[1, 18, 0, 0]],
[[1, 16, 0, 0]],
[[1, 14, 0, 0]],
[[1, 12, 0, 0], [0, 15], [3, "Battle_Fin_04", 90, 100]],
[],
[],
[],
[],
[],
[],
[],
[[1, 12, 0, 0]],
[[1, 8, 0, 0]],
[[1, 4, 0, 0]],
[[1, 0, 0, 0]],
[[1, -3, 0, 0]],
[[1, -6, 0, 0]],
[[1, -8, 0, 0]],
[[1, -10, 0, 0]],
[[1, -11, 0, 0]],
[[1, -12, 0, 0]],
[],
[],
[],
[],
[],
[],
[[0, 3, 2]],
[],
[],
[],
[],
[],
[],
[],
[],
[],
[],
[],
[],
[],
[],
[],
[],
[],
[],
[],
[],
[],
[],
[],
[],
[],
[],
[],
[],
[],
[],
[],
[],
[],
[],
[],
[],
[],
[],
[],
[],
[],
[[0, 6]],
[],
[],
[],
[],
[],
[],
[],
[],
[],
[],
[],
[],
[],
[],
[],
[],
[],
[],
[],
[],
[],
[],
[],
[],
[],
[],
[],
[[0, 6, 3, false]],
[],
[],
[],
[],
[],
[],
[],
[],
[],
[],
[],
[],
[],
[],
[],
[],
[],
[],
[],
[],
[],
[],
[],
[],
[],
[],
[],
[],
[],
[],
[],
[],
[],
[],
[],
[],
[],
[],
[],
[],
[],
[],
[],
[],
[],
[],
[],
[],
[],
[],
[],
[],
[],
[],
[],
[],
[],
[],
[],
[],
[],
[],
[],
[],
[],
[],
[],
[],
[],
[[1, -24, 0, 0], [0, 16]],
[[1, -36, 0, 0]],
[[1, -48, 0, 0], [0, 16, 1]],
[[1, -60, 0, 0]],
[[1, -71, 0, 0]],
[[1, -82, 0, 0]],
[[1, -92, 0, 0]],
[[1, -102, 0, 0]],
[[1, -111, 0, 0]],
[[1, -120, 0, 0]],
[[1, -128, 0, 0]],
[[1, -136, 0, 0]],
[[1, -143, 0, 0]],
[[1, -150, 0, 0]],
[[1, -156, 0, 0]],
[[1, -162, 0, 0]],
[[1, -167, 0, 0]],
[[1, -172, 0, 0]],
[[1, -176, 0, 0]],
[[1, -180, 0, 0]],
[[1, -183, 0, 0]],
[[1, -186, 0, 0]],
[[1, -188, 0, 0]],
[[1, -190, 0, 0]],
[[1, -191, 0, 0]],
[[1, -192, 0, 0]],
[[1, -192, 0, 0]],
[[1, -192, 0, 0]]]