# 幻魔烈風撃
[[[0, 18], [3, "Battle_Skill_03", 80, 130]],
[],
[],
[],
[],
[],
[],
[],
[],
[],
[],
[],
[],
[],
[],
[],
[],
[],
[],
[],
[],
[],
[],
[],
[],
[],
[],
[],
[],
[],
[],
[],
[],
[],
[],
[],
[],
[],
[],
[],
[],
[],
[],
[],
[],
[],
[],
[],
[],
[],
[],
[],
[],
[],
[],
[],
[],
[],
[],
[],
[],
[],
[],
[],
[],
[],
[],
[],
[[1, -8, 0, 0], [0, 12]],
[],
[],
[],
[],
[],
[],
[],
[],
[],
[],
[],
[],
[],
[],
[],
[],
[],
[],
[],
[],
[],
[],
[],
[[1, -10, 0, 0]],
[[1, -12, 0, 0]],
[[1, -14, 0, 0]],
[[1, -16, 0, 0]],
[[1, -18, 0, 0]],
[[1, -20, 0, 0]],
[[1, -24, 0, 0], [0, 15, 1]],
[[1, -28, 0, 0]],
[[1, -32, 0, 0]],
[[1, -36, 0, 0]],
[[1, -40, 0, 0], [9], [10, 12, 0, 0], [11, 564, true]],
[[1, -44, 0, 0], [10, 12, 0, 0]],
[[1, -48, 0, 0], [10, 12, 0, 0]],
[[1, -52, 0, 0], [10, 12, 0, 0]],
[[1, -54, 0, 0], [10, 12, 0, 0]],
[[1, -56, 0, 0], [10, 12, 0, 0]],
[[1, -58, 0, 0], [10, 12, 0, 0]],
[[1, -60, 0, 0], [10, 12, 0, 0]],
[[1, -61, 0, 0], [10, 12, 0, 0]],
[[1, -62, 0, 0], [10, 12, 0, 0]],
[[1, -63, 0, 0], [10, 12, 0, 0]],
[[1, -64, 0, 0], [10, 12, 0, 0]],
[[10, 12, 0, 0]],
[[10, 12, 0, 0]],
[[10, 12, 0, 0]],
[[10, 12, 0, 0]],
[[10, 12, 0, 0]],
[[10, 12, 0, 0]],
[[10, 12, 0, 0]],
[[10, 12, 0, 0]],
[[10, 12, 0, 0]],
[[10, 12, 0, 0]],
[[10, 12, 0, 0]],
[[10, 12, 0, 0]],
[[10, 12, 0, 0]],
[[10, 12, 0, 0]],
[[10, 12, 0, 0]],
[[10, 12, 0, 0]],
[[10, 12, 0, 0]],
[[10, 12, 0, 0]],
[[10, 12, 0, 0]],
[[10, 12, 0, 0]],
[[10, 12, 0, 0]],
[[10, 12, 0, 0]],
[[10, 12, 0, 0]],
[[10, 12, 0, 0]],
[[10, 12, 0, 0]],
[[10, 12, 0, 0]],
[[10, 12, 0, 0]],
[[10, 12, 0, 0]],
[[10, 12, 0, 0]],
[[10, 12, 0, 0]],
[[10, 12, 0, 0]],
[[10, 12, 0, 0]],
[[10, 12, 0, 0]],
[[10, 12, 0, 0]]]