# 吸血
[[[1, 16, 0, 0], [2, 0], [8]],
[],
[],
[],
[],
[],
[],
[],
[],
[],
[],
[],
[],
[],
[],
[],
[],
[],
[],
[],
[],
[],
[],
[],
[],
[],
[],
[],
[],
[],
[],
[],
[],
[],
[],
[],
[],
[],
[],
[],
[[1, 24, 0, 0], [2, 32], [0, 9]],
[[1, 32, 0, 0], [2, 64]],
[[1, 40, 0, 0], [2, 96]],
[[1, 48, 0, 0], [2, 128]],
[[1, 56, 0, 0], [2, 160]],
[[1, 64, 0, 0], [2, 192]],
[[1, 72, 0, 0], [2, 224]],
[[1, 80, 0, 0], [2, 255]],
[[1, 88, 0, 0]],
[[1, 96, 0, 0]],
[[1, 104, 0, 0]],
[[1, 112, 0, 0]],
[[1, 119, 0, 0]],
[[1, 126, 0, 0]],
[[1, 132, 0, 0]],
[[1, 138, 0, 0]],
[[1, 143, 0, 0]],
[[1, 148, 0, 0]],
[[1, 152, 0, 0]],
[[1, 156, 0, 0]],
[[1, 159, 0, 0]],
[[1, 162, 0, 0]],
[[1, 164, 0, 0]],
[[1, 166, 0, 0]],
[[1, 167, 0, 0]],
[[1, -168, 0, 0], [8]]]