# ƒnƒCƒuƒ‰ƒXƒg
[[[1, 100, 0, 0], [0, 16], [2, 32]],
[[1, 96, 0, 0], [2, 64]],
[[1, 92, 0, 0], [2, 96]],
[[1, 88, 0, 0], [2, 128]],
[[1, 83, 0, 0], [2, 160]],
[[1, 81, 0, 0], [2, 192]],
[[1, 79, 0, 0], [2, 224]],
[[1, 77, 0, 0], [2, 255]],
[[1, 75, 0, 0]],
[[1, 75, 0, 0]],
[[1, 75, 0, 0]],
[[1, 75, 0, 0]],
[[1, 65, 0, 0]],
[[1, 65, 0, 0]],
[[1, 65, 0, 0]],
[[1, 65, 0, 0]],
[[1, 64, 0, 0]],
[[1, 64, 0, 0]],
[[1, 64, 0, 0]],
[[1, 64, 0, 0]],
[[1, 64, 0, 0]],
[[1, 64, 0, 0]],
[[1, 64, 0, 0]],
[[1, 64, 0, 0]],
[[1, 64, 0, 0], [0, 17]],
[[1, 64, 0, 0]],
[[1, 64, 0, 0]],
[[1, 64, 0, 0]],
[[1, 62, 0, 0]],
[[1, 60, 0, 0]],
[[1, 58, 0, 0]],
[[1, 56, 0, 0]],
[[1, 55, 0, 0]],
[[1, 54, 0, 0]],
[[1, 53, 0, 0]],
[[1, 52, 0, 0]],
[[1, 44, 0, 0]],
[[1, 44, 0, 0]],
[[1, 44, 0, 0]],
[[1, 44, 0, 0]],
[[1, 44, 0, 0]],
[[1, 44, 0, 0]],
[[1, 44, 0, 0]],
[[1, 44, 0, 0]],
[[1, 44, 0, 0]],
[[1, 44, 0, 0]],
[[1, 44, 0, 0]],
[[1, 44, 0, 0]],
[[1, 44, 0, 0], [0, 9]],
[[1, 44, 0, 0]],
[[1, 50, 0, 6], [3, "Battle_Step_03", 90, 100]],
[[1, 56, 0, 11]],
[[1, 66, 0, 15]],
[[1, 72, 0, 18]],
[[1, 78, 0, 20]],
[[1, 84, 0, 21]],
[[1, 90, 0, 20]],
[[1, 96, 0, 18]],
[[1, 102, 0, 15]],
[[1, 108, 0, 11]],
[[1, 114, 0, 6]],
[[1, 120, 0, 0], [0, 10], [3, "Battle_Step_04", 100, 100]],
[[1, 124, 0, 0]],
[[1, 126, 0, 0], [0, 18, 0, false]],
[[1, 128, 0, 0], [5, 13, 6, 3]],
[[1, 130, 0, 0]],
[[1, 132, 0, 0]],
[[1, 132, 0, 0]],
[[1, 132, 0, 0]],
[[1, 132, 0, 0]],
[[1, 132, 0, 0]],
[[1, 132, 0, 0]],
[[1, 132, 0, 0]],
[[1, 132, 0, 0]],
[[1, 132, 0, 0]],
[[1, 132, 0, 0]],
[[1, 132, 0, 0]],
[[1, 132, 0, 0]],
[[1, 132, 0, 0]],
[[1, 132, 0, 0]],
[[1, 132, 0, 0]],
[[1, 132, 0, 0]],
[[1, 132, 0, 0]],
[[1, 116, 0, 0], [0, 18, 1, false]],
[[1, 100, 0, 0]],
[[1, 84, 0, 0]],
[[1, 68, 0, 0]],
[[1, 54, 0, 0]],
[[1, 40, 0, 0]],
[[1, 26, 0, 0]],
[[1, 12, 0, 0]],
[[1, 0, 0, 0], [0, 18, 2]],
[[1, -10, 0, 0]],
[[1, -18, 0, 0]],
[[1, -24, 0, 0]],
[[1, -28, 0, 0]],
[[1, -31, 0, 0]],
[[1, -33, 0, 0]],
[[1, -34, 0, 0]],
[[1, -34, 0, 0]],
[[1, -34, 0, 0]],
[[1, -34, 0, 0]],
[[1, -34, 0, 0]]
]
