# シャドウリッパー
[[[1, 74, 0, 0], [0, 16], [2, 32], [8]],
[[1, 70, 0, 0], [2, 64]],
[[1, 66, 0, 0], [2, 96]],
[[1, 62, 0, 0], [2, 128]],
[[1, 58, 0, 0], [2, 160]],
[[1, 56, 0, 0], [2, 192]],
[[1, 54, 0, 0], [2, 224]],
[[1, 52, 0, 0], [2, 255]],
[[1, 50, 0, 0]],
[[1, 48, 0, 0]],
[[1, 37, 0, 0]],
[[1, 36, 0, 0]],
[[1, 35, 0, 0], [2, 224]],
[[1, 34, 0, 0], [2, 192]],
[[1, 33, 0, 0], [2, 160]],
[[1, 32, 0, 0], [2, 128]],
[[1, 32, 0, 0], [2, 96]],
[[1, 32, 0, 0], [2, 64]],
[[1, 32, 0, 0], [2, 32]],
[[1, 32, 0, 0], [2, 0]],
[],
[],
[],
[],
[],
[],
[],
[],
[],
[],
[],
[],
[],
[],
[],
[],
[],
[],
[],
[],
[],
[[1, 16, 0, 65], [2, 32], [8], [0, 9]],
[[1, 18, 0, 70], [2, 64]],
[[1, 20, 0, 74], [2, 96]],
[[1, 22, 0, 78], [2, 128]],
[[1, 24, 0, 81], [2, 160]],
[[1, 26, 0, 84], [2, 192]],
[[1, 28, 0, 86], [2, 224]],
[[1, 30, 0, 88], [2, 255]],
[[1, 32, 0, 89]],
[[1, 34, 0, 90]],
[[1, 36, 0, 90]],
[[1, 38, 0, 90]],
[[1, 40, 0, 89]],
[[1, 42, 0, 88]],
[[1, 44, 0, 86]],
[[1, 46, 0, 84]],
[[1, 46, 0, 81]],
[[1, 48, 0, 78]],
[[1, 50, 0, 74]],
[[1, 52, 0, 70]],
[[1, 54, 0, 65]],
[[1, 56, 0, 60]],
[[1, 58, 0, 54]],
[[1, 60, 0, 48]],
[[1, 62, 0, 41]],
[[1, 64, 0, 34]],
[[1, 66, 0, 26]],
[[1, 68, 0, 18]],
[[1, 70, 0, 9]],
[[1, 72, 0, 0], [0, 10], [3, "Battle_Step_04", 100, 100]],
[[1, 74, 0, 0]],
[[1, 76, 0, 0]],
[[1, 78, 0, 0]],
[[1, 80, 0, 0]],
[[1, 81, 0, 0]],
[[1, 82, 0, 0]],
[[1, 83, 0, 0]],
[[1, 84, 0, 0]]]