# 𥺦蓌餹
[[[1, 98, 0, 0], [0, 16, 1], [2, 32]],
[[1, 90, 0, 0], [2, 64]],
[[1, 82, 0, 0], [2, 96]],
[[1, 74, 0, 0], [2, 128]],
[[1, 68, 0, 0], [2, 160]],
[[1, 62, 0, 0], [2, 192]],
[[1, 56, 0, 0], [2, 224]],
[[1, 50, 0, 0], [2, 255]],
[[1, 46, 0, 0]],
[[1, 42, 0, 0]],
[[1, 38, 0, 0]],
[[1, 34, 0, 0]],
[[1, 32, 0, 0]],
[[1, 30, 0, 0]],
[[1, 28, 0, 0]],
[[1, 26, 0, 0]],
[[1, 24, 0, 0], [0, 16]],
[[1, 22, 0, 0]],
[[1, 20, 0, 0]],
[[1, 18, 0, 0]],
[[1, 16, 0, 0]],
[[1, 14, 0, 0]],
[[1, 12, 0, 0]],
[[1, 10, 0, 0]],
[[1, 8, 0, 0]],
[[1, 6, 0, 0]],
[[1, 4, 0, 0]],
[[1, 2, 0, 0]],
[[1, 0, 0, 0]],
[[1, -2, 0, 0]],
[[1, -4, 0, 0]],
[[1, -6, 0, 0]],
[[1, -7, 0, 10]],
[[1, -8, 0, 20]],
[[1, -9, 0, 29]],
[[1, -10, 0, 38]],
[[1, -11, 0, 46]],
[[1, -12, 0, 53]],
[[1, -13, 0, 60]],
[[1, -14, 0, 66]],
[[1, -15, 0, 72]],
[[1, -16, 0, 77]],
[[1, -17, 0, 82]],
[[1, -18, 0, 86], [0, 17], [2, 224]],
[[1, -19, 0, 90], [2, 224]],
[[1, -20, 0, 93], [2, 192]],
[[1, -21, 0, 96], [2, 160]],
[[1, -22, 0, 98], [2, 128]],
[[1, -23, 0, 100], [2, 96]],
[[1, -24, 0, 101], [2, 64]],
[[1, -25, 0, 102], [2, 32]],
[[1, -26, 0, 102], [2, 0]],
[[1, -27, 0, 102]],
[[1, -28, 0, 101]],
[[1, -29, 0, 100]],
[[1, -30, 0, 98]],
[[1, -31, 0, 96]],
[[1, -32, 0, 93]],
[[1, -33, 0, 90]],
[[1, -34, 0, 86]],
[[1, -35, 0, 82]],
[[1, -36, 0, 77]],
[[1, -37, 0, 72]],
[[1, -38, 0, 66]],
[[1, -39, 0, 60]],
[[1, -40, 0, 53]]]