# ベアタックル
[[[1, 104, 0, 0], [2, 32], [0, 6, 1]],
[[1, 96, 0, 0], [2, 64]],
[[1, 88, 0, 0], [2, 96]],
[[1, 80, 0, 0], [2, 128]],
[[1, 72, 0, 0], [2, 160]],
[[1, 64, 0, 0], [2, 192]],
[[1, 58, 0, 0], [2, 224]],
[[1, 50, 0, 0], [2, 255]],
[[1, 42, 0, 0]],
[[1, 36, 0, 0]],
[[1, 28, 0, 0]],
[[1, 24, 0, 0]],
[[1, 20, 0, 0]],
[[1, 17, 0, 0]],
[[1, 15, 0, 0]],
[[1, 14, 0, 0]],
[[0, 14, 0, false]],
[],
[],
[],
[],
[],
[],
[],
[[0, 14], [1, 10, 0, 0]],
[],
[],
[],
[[1, 6, 0, 0]],
[],
[],
[],
[[1, 2, 0, 0]],
[],
[],
[],
[[1, -2, 0, 0]],
[],
[],
[],
[],
[],
[],
[],
[],
[],
[],
[],
[],
[],
[],
[]]