# 鶥嚉餹
[[[1, 128, 0, 0], [0, 16], [2, 32]],
[[1, 116, 0, 0], [2, 64]],
[[1, 104, 0, 0], [2, 96]],
[[1, 92, 0, 0], [2, 128]],
[[1, 80, 0, 0], [2, 160]],
[[1, 68, 0, 0], [2, 192]],
[[1, 56, 0, 0], [2, 224]],
[[1, 44, 0, 0], [2, 255]],
[[1, 33, 0, 0]],
[[1, 22, 0, 0]],
[[1, 12, 0, 0]],
[[1, 2, 0, 0]],
[[1, -7, 0, 0]],
[[1, -16, 0, 0]],
[[1, -24, 0, 0]],
[[1, -32, 0, 0]],
[[1, -39, 0, 0]],
[[1, -46, 0, 0]],
[[1, -52, 0, 0]],
[[1, -58, 0, 0]],
[[1, -63, 0, 0]],
[[1, -68, 0, 0]],
[[1, -72, 0, 0]],
[[1, -76, 0, 0]],
[[1, -79, 0, 0]],
[[1, -82, 0, 0]],
[[1, -84, 0, 0]],
[[1, -86, 0, 0]],
[[1, -87, 0, 0]],
[[1, -88, 0, 0]]]