# アストライアー
[[[1, 2, 0, 12], [0, 9], [3, "Battle_Step_03", 100, 90]],
[[1, 4, 0, 24]],
[[1, 6, 0, 35]],
[[1, 8, 0, 46]],
[[1, 10, 0, 56]],
[[1, 12, 0, 66]],
[[1, 14, 0, 75]],
[[1, 16, 0, 84]],
[[1, 18, 0, 92]],
[[1, 20, 0, 100]],
[[1, 22, 0, 107]],
[[1, 24, 0, 114]],
[[1, 26, 0, 120]],
[[1, 28, 0, 126]],
[[1, 30, 0, 131]],
[[1, 32, 0, 136]],
[[1, 34, 0, 140]],
[[1, 36, 0, 144]],
[[1, 22, 0, 147], [2, 224]],
[[1, 24, 0, 150], [2, 192]],
[[1, 26, 0, 152], [2, 160]],
[[1, 28, 0, 154], [2, 128]],
[[1, 30, 0, 155], [2, 96]],
[[1, 32, 0, 156], [2, 64]],
[[1, 34, 0, 156], [2, 32]],
[[1, 36, 0, 156], [2, 0]],
[[1, 0, 0, 128], [0, 16], [7], [9], [10, 0, 0, 0]],
[[1, 0, 0, 128]],
[[1, 0, 0, 360], [2, 32]],
[[1, 0, 0, 344], [2, 64]],
[[1, 0, 0, 328], [2, 96]],
[[1, 0, 0, 311], [2, 128]],
[[1, 0, 0, 294], [2, 160]],
[[1, 0, 0, 276], [2, 192]],
[[1, 0, 0, 258], [2, 224]],
[[1, 0, 0, 239], [2, 255]],
[[1, 0, 0, 220]],
[[1, 0, 0, 200]],
[[1, 0, 0, 180]],
[[1, 0, 0, 159]],
[[1, 0, 0, 138]],
[[1, 0, 0, 116]],
[[1, 0, 0, 94]],
[[1, 0, 0, 71]],
[[1, 0, 0, 48]],
[[1, 0, 0, 24]],
[[1, 0, 0, 0]]]