# 焔刀
[[[0, 15]],
[],
[],
[],
[],
[],
[],
[],
[],
[],
[],
[],
[[7, 1], [0, 18]],
[],
[],
[],
[],
[],
[[1, 80, 0, 0], [0, 14]],
[[1, 64, 0, 0]],
[[1, 48, 0, 0]],
[[1, 32, 0, 0]],
[[1, 16, 0, 0]],
[[1, 0, 0, 0]],
[[1, -16, 0, 0]],
[[1, -31, 0, 0]],
[[1, -45, 0, 0]],
[[1, -58, 0, 0]],
[[1, -70, 0, 0]],
[[1, -81, 0, 0]],
[[1, -91, 0, 0]],
[[1, -100, 0, 0]],
[[1, -108, 0, 0]],
[[1, -115, 0, 0]],
[[1, -121, 0, 0]],
[[1, -126, 0, 0]],
[[1, -130, 0, 0]],
[[1, -133, 0, 0]],
[[1, -135, 0, 0]],
[[1, -136, 0, 0]],
[[1, -136, 0, 0]]]