# ゲイルスライサー
[[[1, 104, 0, 0], [0, 17, 1], [2, 32]],
[[1, 100, 0, 0], [2, 64]],
[[1, 96, 0, 0], [2, 96]],
[[1, 92, 0, 0], [2, 128]],
[[1, 89, 0, 0], [2, 160]],
[[1, 86, 0, 0], [2, 192]],
[[1, 83, 0, 0], [2, 224]],
[[1, 80, 0, 0], [2, 255]],
[[1, 78, 0, 0]],
[[1, 76, 0, 0]],
[[1, 74, 0, 0]],
[[1, 72, 0, 0]],
[[1, 70, 0, 0]],
[[1, 68, 0, 0]],
[[1, 66, 0, 0]],
[[1, 65, 0, 0]],
[[1, 64, 0, 0], [0, 16, 2]],
[[1, 62, 0, 0]],
[[1, 60, 0, 0]],
[[1, 59, 0, 0]],
[[1, 48, 0, 0]],
[[1, 48, 0, 0]],
[[1, 48, 0, 0]],
[[1, 48, 0, 0]],
[[1, 46, 0, 0]],
[[1, 46, 0, 0]],
[[1, 46, 0, 0]],
[[1, 46, 0, 0]],
[[1, 42, 0, 0], [0, 17, 2]],
[[1, 40, 0, 0]],
[[1, 38, 0, 0]],
[[1, 37, 0, 0]],
[[1, 28, 0, 0]],
[[1, 28, 0, 0]],
[[1, 28, 0, 0]],
[[1, 28, 0, 0]],
[[1, 28, 0, 0], [0, 19, 0]],
[[1, 26, 0, 0]],
[[1, 24, 0, 0]],
[[1, 22, 0, 0]],
[[1, 20, 0, 0]],
[[1, 18, 0, 0]],
[[1, 16, 0, 0]],
[[1, 14, 0, 0]],
[[1, -12, 0, 0]],
[[1, -22, 0, 0]],
[[1, -32, 0, 0]],
[[1, -42, 0, 0]],
[[1, -52, 0, 0]],
[[1, -60, 0, 0]],
[[1, -68, 0, 0]],
[[1, -75, 0, 0]],
[[1, -82, 0, 0]],
[[1, -88, 0, 0]],
[[1, -96, 0, 0]],
[[1, -101, 0, 0]],
[[1, -106, 0, 0]],
[[1, -110, 0, 0]],
[[1, -114, 0, 0]],
[[1, -117, 0, 0]],
[[1, -120, 0, 0]],
[[1, -122, 0, 0]],
[[1, -124, 0, 0]],
[[1, -125, 0, 0]],
[[1, -126, 0, 0]]]