# 水激波
[[],
[],
[[1, 0, 0, 38], [0, 11]],
[[1, 6, 0, 45]],
[[1, 12, 0, 51]],
[[1, 18, 0, 56]],
[[1, 24, 0, 60]],
[[1, 30, 0, 63]],
[[1, 36, 0, 65]],
[[1, 42, 0, 66]],
[[1, 48, 0, 66]],
[[1, 54, 0, 65]],
[[1, 60, 0, 63]],
[[1, 66, 0, 60]],
[[1, 72, 0, 56]],
[[1, 78, 0, 51]],
[[1, 84, 0, 45]],
[[1, 90, 0, 38], [0, 0], [3, "Battle_Step_04", 100, 100]],
[[1, 96, 0, 30]],
[[1, 100, 0, 21]],
[[1, 104, 0, 11]],
[[1, 108, 0, 0]],
[[1, 111, 0, 0]],
[[1, 114, 0, 0]],
[[1, 116, 0, 0]],
[[1, 118, 0, 0]],
[[1, 119, 0, 0]],
[[1, 119, 0, 0]],
[[1, 120, 0, 0]]]



