# 無想剣・闇蛍
[[[0, 13, 6]],
[],
[],
[],
[],
[],
[],
[],
[],
[],
[],
[],
[],
[],
[],
[],
[],
[],
[],
[],
[],
[],
[],
[],
[],
[],
[],
[],
[],
[],
[],
[],
[],
[],
[],
[],
[],
[],
[],
[],
[],
[],
[],
[],
[],
[],
[],
[],
[],
[],
[],
[],
[[1, -32, 0, 0], [0, 12, 1]],
[],
[],
[],
[],
[],
[],
[],
[],
[[0, 12, 3, false]],
[],
[],
[],
[],
[],
[],
[],
[],
[],
[],
[],
[],
[],
[],
[],
[],
[],
[],
[],
[],
[],
[],
[],
[],
[],
[],
[],
[],
[],
[],
[],
[],
[],
[],
[],
[],
[],
[],
[],
[],
[],
[],
[],
[],
[],
[],
[],
[],
[],
[],
[],
[],
[],
[],
[],
[],
[],
[],
[],
[],
[],
[],
[],
[],
[],
[],
[],
[],
[],
[],
[],
[],
[],
[],
[],
[],
[],
[],
[[1, -48, 0, 4], [0, 21, 0, false], [2, 224], [9]],
[[1, -64, 0, 8], [2, 192]],
[[1, -80, 0, 11], [2, 160]],
[[1, -96, 0, 14], [2, 128]],
[[1, -112, 0, 16], [2, 96]],
[[1, -128, 0, 18], [2, 64]],
[[1, -144, 0, 19], [2, 32]],
[[1, -160, 0, 20], [2, 0]],
[[1, 118, 0, 0], [2, 32], [7]],
[[1, 102, 0, 0], [2, 64]],
[[1, 86, 0, 0], [2, 96]],
[[1, 70, 0, 0], [2, 128]],
[[1, 48, 0, 0], [0, 21, 1], [2, 160]],
[[1, 32, 0, 0], [2, 192]],
[[1, 16, 0, 0], [2, 224]],
[[1, 0, 0, 0], [2, 255]],
[[1, -12, 0, 0]],
[[1, -24, 0, 0]],
[[1, -36, 0, 0]],
[[1, -48, 0, 0]],
[[1, -56, 0, 0]],
[[1, -64, 0, 0]],
[[1, -72, 0, 0]],
[[1, -80, 0, 0]],
[[1, -86, 0, 0]],
[[1, -92, 0, 0]],
[[1, -98, 0, 0]],
[[1, -104, 0, 0]],
[[1, -108, 0, 0]],
[[1, -112, 0, 0]],
[[1, -116, 0, 0]],
[[1, -120, 0, 0]],
[[1, -122, 0, 0]],
[[1, -124, 0, 0]],
[[1, -126, 0, 0]],
[[1, -128, 0, 0]],
[[1, -129, 0, 0]],
[[1, -130, 0, 0]],
[[1, -131, 0, 0]],
[[1, -132, 0, 0]]]