# サジタリウスの焔
[[[1, 2, 0, 12], [0, 9], [3, "Battle_Step_03", 100, 90]],
[[1, 4, 0, 24]],
[[1, 6, 0, 35]],
[[1, 8, 0, 46]],
[[1, 10, 0, 56]],
[[1, 12, 0, 66]],
[[1, 14, 0, 75]],
[[1, 16, 0, 84]],
[[1, 18, 0, 92]],
[[1, 20, 0, 100]],
[[1, 22, 0, 107]],
[[1, 24, 0, 114]],
[[1, 26, 0, 120]],
[[1, 28, 0, 126]],
[[1, 30, 0, 131]],
[[1, 32, 0, 136]],
[[1, 34, 0, 140]],
[[1, 36, 0, 144]],
[[1, 22, 0, 147], [2, 224]],
[[1, 24, 0, 150], [2, 192]],
[[1, 26, 0, 152], [2, 160]],
[[1, 28, 0, 154], [2, 128]],
[[1, 30, 0, 155], [2, 96]],
[[1, 32, 0, 156], [2, 64]],
[[1, 34, 0, 156], [2, 32]],
[[1, 36, 0, 156], [2, 0]],
[[1, 0, 0, 910], [0, 16], [7], [10, 0, 0, 0]],
[],
[[9, 0, 600, 1.0, 24]],
[],
[],
[],
[],
[],
[],
[],
[],
[],
[],
[],
[],
[],
[],
[],
[],
[],
[],
[],
[],
[],
[],
[],
[],
[],
[[9, 0, 1400, 1.0, 1]],
[],
[],
[],
[],
[],
[],
[],
[],
[],
[],
[],
[],
[],
[],
[],
[],
[],
[],
[],
[],
[],
[],
[],
[],
[],
[],
[],
[[2, 32], [9, 0, 1200, 1.1], [11, 562, true]],
[[1, 0, 0, 905], [2, 64], [10, 0, 0, 0]],
[[1, 0, 0, 900], [2, 96], [10, 0, 0, 0]],
[[1, 0, 0, 894], [2, 128], [10, 0, 0, 0]],
[[1, 0, 0, 888], [2, 160], [10, 0, 0, 0]],
[[1, 0, 0, 884], [2, 192], [10, 0, 0, 0]],
[[1, 0, 0, 874], [2, 224], [10, 0, 0, 0]],
[[1, 0, 0, 866], [2, 255], [10, 0, 0, 0]],
[[1, 0, 0, 858], [10, 0, 0, 0]],
[[1, 0, 0, 849], [10, 0, 0, 0]],
[[1, 0, 0, 840], [10, 0, 0, 0]],
[[1, 0, 0, 830], [10, 0, 0, 0]],
[[1, 0, 0, 820], [9, 0, 588, 1.2], [10, 0, 0, 0]],
[[1, 0, 0, 809], [10, 0, 0, 0]],
[[1, 0, 0, 798], [10, 0, 0, 0]],
[[1, 0, 0, 786], [10, 0, 0, 0]],
[[1, 0, 0, 774], [10, 0, 0, 0]],
[[1, 0, 0, 761], [10, 0, 0, 0]],
[[1, 0, 0, 748], [10, 0, 0, 0]],
[[1, 0, 0, 734], [10, 0, 0, 0]],
[[1, 0, 0, 720], [10, 0, 0, 0]],
[[1, 0, 0, 705], [10, 0, 0, 0]],
[[1, 0, 0, 690], [10, 0, 0, 0]],
[[1, 0, 0, 674], [10, 0, 0, 0]],
[[1, 0, 0, 658], [10, 0, 0, 0]],
[[1, 0, 0, 641], [10, 0, 0, 0]],
[[1, 0, 0, 624], [10, 0, 0, 0]],
[[1, 0, 0, 606], [10, 0, 0, 0]],
[[1, 0, 0, 588], [9, 0, 424, 1.3], [10, 0, 0, 0]],
[[1, 0, 0, 569], [10, 0, 0, 0]],
[[1, 0, 0, 550], [10, 0, 0, 0]],
[[1, 0, 0, 530], [10, 0, 0, 0]],
[[1, 0, 0, 510], [10, 0, 0, 0]],
[[1, 0, 0, 489], [10, 0, 0, 0]],
[[1, 0, 0, 468], [10, 0, 0, 0]],
[[1, 0, 0, 446], [10, 0, 0, 0]],
[[1, 0, 0, 424], [9, 0, 0, 1.5], [10, 0, 0, 0]],
[[1, 0, 0, 401], [10, 0, 0, 0]],
[[1, 0, 0, 378], [10, 0, 0, 0]],
[[1, 0, 0, 354], [10, 0, 0, 0]],
[[1, 0, 0, 330], [10, 0, 0, 0]],
[[1, 0, 0, 305], [10, 0, 0, 0]],
[[1, 0, 0, 280], [10, 0, 0, 0]],
[[1, 0, 0, 254], [10, 0, 0, 0]],
[[1, 0, 0, 228], [10, 0, 0, 0]],
[[1, 0, 0, 201], [10, 0, 0, 0]],
[[1, 0, 0, 174], [10, 0, 0, 0]],
[[1, 0, 0, 146], [10, 0, 0, 0]],
[[1, 0, 0, 118], [10, 0, 0, 0]],
[[1, 0, 0, 89], [10, 0, 0, 0]],
[[1, 0, 0, 60], [10, 0, 0, 0]],
[[1, 0, 0, 30], [10, 0, 0, 0]],
[[1, 0, 0, 0], [10, 0, 0, 0]],
[[12, 0]]]