# フロストエッジ
[[[0, 13, 6]],
[],
[],
[],
[],
[],
[],
[],
[],
[],
[],
[],
[],
[],
[],
[],
[],
[],
[],
[],
[],
[],
[],
[],
[],
[],
[],
[],
[],
[],
[],
[],
[],
[],
[],
[],
[],
[],
[],
[],
[],
[],
[],
[],
[],
[],
[],
[],
[],
[],
[],
[],
[[1, -32, 0, 0], [0, 12, 1]],
[],
[],
[],
[],
[],
[],
[],
[],
[],
[],
[],
[],
[],
[],
[],
[],
[],
[],
[],
[],
[],
[],
[],
[[1, -48, 0, 4], [0, 21, 0, false], [2, 224], [9]],
[[1, -64, 0, 8], [2, 192]],
[[1, -80, 0, 11], [2, 160]],
[[1, -96, 0, 14], [2, 128]],
[[1, -112, 0, 16], [2, 96]],
[[1, -128, 0, 18], [2, 64]],
[[1, -144, 0, 19], [2, 32]],
[[1, -160, 0, 20], [2, 0]],
[[1, 128, 0, 0], [2, 32], [7]],
[[1, 112, 0, 0], [2, 64]],
[[1, 96, 0, 0], [2, 96]],
[[1, 80, 0, 0], [2, 128]],
[[1, 64, 0, 0], [0, 21, 1], [2, 160]],
[[1, 48, 0, 0], [2, 192]],
[[1, 32, 0, 0], [2, 224]],
[[1, 16, 0, 0], [2, 255]],
[[1, 8, 0, 0]],
[[1, 0, 0, 0]],
[[1, -8, 0, 0]],
[[1, -16, 0, 0]],
[[1, -20, 0, 0]],
[[1, -24, 0, 0]],
[[1, -28, 0, 0]],
[[1, -32, 0, 0]],
[[1, -34, 0, 0]],
[[1, -36, 0, 0]],
[[1, -38, 0, 0]],
[[1, -40, 0, 0]]]