# 双炎牙
[[[1, 84, 0, 0], [0, 14], [2, 32]],
[[1, 78, 0, 0], [2, 64]],
[[1, 72, 0, 0], [2, 96]],
[[1, 66, 0, 0], [2, 128]],
[[1, 60, 0, 0], [2, 160]],
[[1, 54, 0, 0], [2, 192]],
[[1, 48, 0, 0], [2, 224]],
[[1, 42, 0, 0], [2, 255]],
[[1, 36, 0, 0]],
[[1, 30, 0, 0]],
[[1, 24, 0, 0]],
[[1, 18, 0, 0]],
[[1, 12, 0, 0]],
[[1, 6, 0, 0]],
[[1, 0, 0, 0]],
[[1, -6, 0, 0]],
[[1, -12, 0, 0], [0, 15]],
[[1, -18, 0, 0]],
[[1, -24, 0, 0]],
[[1, -30, 0, 0]],
[[1, -36, 0, 0]],
[[1, -42, 0, 0]],
[[1, -48, 0, 0]],
[[1, -54, 0, 0]],
[[1, -60, 0, 0]],
[[1, -66, 0, 0]],
[[1, -72, 0, 0]],
[[1, -78, 0, 0]],
[[1, -84, 0, 0]],
[[1, -90, 0, 0]],
[[1, -95, 0, 0]],
[[1, -100, 0, 0]],
[[1, -104, 0, 0]],
[[1, -108, 0, 0]],
[[1, -111, 0, 0]],
[[1, -114, 0, 0]],
[[1, -116, 0, 0]],
[[1, -118, 0, 0]],
[[1, -119, 0, 0]],
[[1, -120, 0, 0]]]
