# Źgś@īĢ
[[[1, 156, 0, 156], [2, 32], [3, "Battle_Skill_01", 100, 100], [0, 8, 1, false]],
[[1, 150, 0, 156], [2, 64]],
[[1, 144, 0, 156], [2, 96]],
[[1, 138, 0, 155], [2, 128]],
[[1, 132, 0, 154], [2, 160], [0, 8, 2, false]],
[[1, 126, 0, 152], [2, 192]],
[[1, 120, 0, 150], [2, 224]],
[[1, 114, 0, 147], [2, 255]],
[[1, 108, 0, 144], [0, 8, 3, false]],
[[1, 102, 0, 140]],
[[1, 96, 0, 136]],
[[1, 90, 0, 131]],
[[1, 84, 0, 126], [3, "Battle_Skill_01", 100, 100], [0, 8, 1, false]],
[[1, 78, 0, 120]],
[[1, 72, 0, 114]],
[[1, 66, 0, 107]],
[[1, 60, 0, 100], [0, 8, 2, false]],
[[1, 54, 0, 92]],
[[1, 48, 0, 84]],
[[1, 42, 0, 75]],
[[1, 36, 0, 66], [0, 8, 3, false]],
[[1, 30, 0, 56]],
[[1, 24, 0, 46]],
[[1, 18, 0, 35]],
[[1, 12, 0, 24], [0, 14, 1, false]],
[[1, 6, 0, 12]],
[[1, 0, 0, 0]],
[[1, -6, 0, 0], [0, 10]],
[[1, -12, 0, 0]],
[[1, -17, 0, 0]],
[[1, -22, 0, 0]],
[[1, -26, 0, 0]],
[[1, -29, 0, 0]],
[[1, -32, 0, 0]],
[[1, -34, 0, 0]],
[[1, -36, 0, 0]],
[[1, -37, 0, 0]],
[[1, -38, 0, 0]],
[[1, -38, 0, 0]],
[[1, -38, 0, 0]]]