# 偽エアスラッシュ
[[[1, 84, 0, 0], [0, 15], [2, 32]],
[[1, 80, 0, 0], [2, 64]],
[[1, 76, 0, 0], [2, 96]],
[[1, 72, 0, 0], [2, 128]],
[[1, 69, 0, 0], [2, 160]],
[[1, 66, 0, 0], [2, 192]],
[[1, 63, 0, 0], [2, 224]],
[[1, 60, 0, 0], [2, 255]],
[[1, 58, 0, 0]],
[[1, 56, 0, 0]],
[[1, 54, 0, 0]],
[[1, 52, 0, 0]],
[[1, 50, 0, 0]],
[[1, 48, 0, 0]],
[[1, 46, 0, 0]],
[[1, 45, 0, 0]],
[[1, 44, 0, 0]],
[[1, 43, 0, 0]],
[[1, 42, 0, 0]],
[[1, 41, 0, 0]],
[[1, 40, 0, 0], [0, 16]],
[[1, 40, 0, 0]],
[[1, 40, 0, 0]],
[[1, 40, 0, 0]],
[[1, 40, 0, 0]],
[[1, 40, 0, 0]],
[[1, 40, 0, 0]],
[[1, 40, 0, 0]],
[[1, 32, 0, 0]],
[[1, 24, 0, 0]],
[[1, 16, 0, 0]],
[[1, 8, 0, 0]],
[[1, 0, 0, 0]],
[[1, -8, 0, 0]],
[[1, -16, 0, 0]],
[[1, -24, 0, 0]],
[[1, -32, 0, 0]],
[[1, -40, 0, 0]],
[[1, -48, 0, 0]],
[[1, -56, 0, 0]],
[[1, -64, 0, 0]],
[[1, -72, 0, 0]],
[[1, -80, 0, 0]],
[[1, -88, 0, 0]],
[[1, -96, 0, 0]],
[[1, -104, 0, 0]],
[[1, -112, 0, 0]],
[[1, -120, 0, 0]],
[[1, -124, 0, 0]],
[[1, -128, 0, 0]],
[[1, -132, 0, 0]],
[[1, -136, 0, 0]],
[[1, -138, 0, 0]],
[[1, -140, 0, 0]],
[[1, -142, 0, 0]],
[[1, -143, 0, 0]],
[[1, -144, 0, 0]],
[[1, -145, 0, 0]],
[[1, -146, 0, 0]]]