# ルミナスチャージ
[[[1, 128, 0, 0], [2, 32], [0, 5]],
[[2, 64]],
[[2, 96]],
[[2, 128]],
[[2, 160]],
[[2, 192]],
[[2, 224]],
[[2, 255]],
[[0, 5, 1]],
[],
[],
[],
[],
[],
[],
[],
[[0, 5, 2]],
[],
[],
[],
[[0, 5, 3]],
[],
[],
[],
[[0, 5, 4]],
[],
[],
[],
[[0, 6]],
[],
[],
[],
[],
[],
[],
[],
[],
[],
[],
[],
[[1, 128, 0, 0], [0, 8, 0, false]],
[[1, 120, 0, 0]],
[[1, 112, 0, 0]],
[[1, 104, 0, 0]],
[[1, 92, 0, 0], [0, 14, 2]],
[[1, 80, 0, 0]],
[[1, 68, 0, 0]],
[[1, 56, 0, 0]],
[[1, 44, 0, 0]],
[[1, 32, 0, 0]],
[[1, 21, 0, 0]],
[[1, 10, 0, 0]],
[[1, 0, 0, 0]],
[[1, -10, 0, 0]],
[[1, -19, 0, 0]],
[[1, -28, 0, 0]],
[[1, -36, 0, 0]],
[[1, -44, 0, 0]],
[[1, -51, 0, 0]],
[[1, -58, 0, 0]],
[[1, -64, 0, 0]],
[[1, -70, 0, 0]],
[[1, -75, 0, 0]],
[[1, -80, 0, 0]],
[[1, -84, 0, 0]],
[[1, -88, 0, 0]],
[[1, -91, 0, 0]],
[[1, -94, 0, 0]],
[[1, -96, 0, 0]],
[[1, -98, 0, 0]],
[[1, -99, 0, 0]],
[[1, -100, 0, 0]]]