# —‹–ÂŒ•
[[[1, 86, 0, 0], [2, 32], [3, "Battle_Step_02", 100, 100], [3, "Battle_Step_03", 100, 100], [0, 8, 0, false]],
[[1, 84, 0, 12], [2, 64]],
[[1, 82, 0, 24], [2, 96]],
[[1, 80, 0, 35], [2, 128]],
[[1, 78, 0, 46], [2, 160], [10, 0, 0, 0]],
[[1, 76, 0, 56], [2, 192], [10, 0, 0, 0]],
[[1, 74, 0, 66], [2, 224], [0, 8, 1, false], [10, 0, 0, 0]],
[[1, 72, 0, 75], [2, 255], [10, 0, 0, 0]],
[[1, 70, 0, 84], [10, 0, 0, 0]],
[[1, 68, 0, 92], [10, 0, 0, 0]],
[[1, 66, 0, 100], [10, 0, 0, 0]],
[[1, 64, 0, 107], [10, 0, 0, 0]],
[[1, 62, 0, 114], [0, 8, 2, false], [10, 0, 0, 0]],
[[1, 60, 0, 120], [10, 0, 0, 0]],
[[1, 58, 0, 126], [10, 0, 0, 0]],
[[1, 56, 0, 131], [10, 0, 0, 0]],
[[1, 54, 0, 136], [10, 0, 0, 0]],
[[1, 52, 0, 140], [10, 0, 0, 0]],
[[1, 50, 0, 144], [0, 8, 3, false], [10, 0, 0, 0]],
[[1, 49, 0, 145], [10, 0, 0, 0]],
[[1, 48, 0, 147], [10, 0, 0, 0]],
[[1, 47, 0, 148], [10, 0, 0, 0]],
[[1, 46, 0, 150], [10, 0, 0, 0]],
[[1, 45, 0, 151], [10, 0, 0, 0]],
[[1, 44, 0, 152], [10, 0, 0, 0]],
[[1, 43, 0, 153], [10, 0, 0, 0]],
[[1, 42, 0, 154], [10, 0, 0, 0]],
[[1, 41, 0, 154], [10, 0, 0, 0]],
[[1, 40, 0, 155], [3, "Battle_Skill_01", 100, 100], [0, 8, 1, false], [10, 0, 0, 0]],
[[1, 39, 0, 155], [10, 0, 0, 0]],
[[1, 38, 0, 156], [10, 0, 0, 0]],
[[1, 37, 0, 156], [10, 0, 0, 0]],
[[1, 36, 0, 156], [10, 0, 0, 0]],
[[1, 35, 0, 156], [10, 0, 0, 0]],
[[1, 34, 0, 155], [10, 0, 0, 0]],
[[1, 33, 0, 155], [10, 0, 0, 0]],
[[1, 32, 0, 154], [0, 8, 2, false], [10, 0, 0, 0]],
[[1, 30, 0, 152], [10, 0, 0, 0]],
[[1, 28, 0, 150], [10, 0, 0, 0]],
[[1, 26, 0, 147], [10, 0, 0, 0]],
[[1, 24, 0, 144], [0, 8, 3, false], [10, 0, 0, 0]],
[[1, 22, 0, 140], [10, 0, 0, 0]],
[[1, 20, 0, 136], [10, 0, 0, 0]],
[[1, 18, 0, 131], [10, 0, 0, 0]],
[[1, 16, 0, 126], [3, "Battle_Skill_01", 100, 100], [0, 8, 1, false], [10, 0, 0, 0]],
[[1, 14, 0, 120], [10, 0, 0, 0]],
[[1, 12, 0, 114], [10, 0, 0, 0]],
[[1, 10, 0, 107], [10, 0, 0, 0]],
[[1, 8, 0, 100], [0, 8, 2, false], [10, 0, 0, 0]],
[[1, 6, 0, 92], [10, 0, 0, 0]],
[[1, 4, 0, 84], [10, 0, 0, 0]],
[[1, 2, 0, 75], [10, 0, 0, 0]],
[[1, 0, 0, 66], [0, 8, 3, false], [10, 0, 0, 0]],
[[1, -2, 0, 56], [10, 0, 0, 0]],
[[1, -4, 0, 46]],
[[1, -6, 0, 35]],
[[1, -8, 0, 24], [0, 14, 1, false]],
[[1, -10, 0, 12]],
[[1, -12, 0, 0]],
[[1, 14, 0, 0], [0, 10], [8]],
[[1, 16, 0, 0]],
[[1, 18, 0, 0]],
[[1, 20, 0, 0]],
[[1, 21, 0, 0]],
[[1, 22, 0, 0]],
[[1, 23, 0, 0]],
[[1, 24, 0, 0]]]