# フレアブレード
[[[1, 58, 0, 0], [0, 23], [2, 32]],
[[1, 54, 0, 0], [2, 64]],
[[1, 50, 0, 0], [2, 96]],
[[1, 46, 0, 0], [2, 128]],
[[1, 42, 0, 0], [2, 160]],
[[1, 40, 0, 0], [2, 192]],
[[1, 38, 0, 0], [2, 224], [10, 64, 0, 0]],
[[1, 36, 0, 0], [2, 255]],
[[1, 26, 0, 8]],
[[1, 24, 0, 16]],
[[1, 22, 0, 23]],
[[1, 20, 0, 30]],
[[1, 19, 0, 36]],
[[1, 18, 0, 42]],
[[1, 17, 0, 47]],
[[1, 16, 0, 52]],
[[1, 16, 0, 56]],
[[1, 16, 0, 60]],
[[1, 16, 0, 63]],
[[1, 16, 0, 66]],
[[1, 16, 0, 68]],
[[1, 16, 0, 70]],
[[1, 16, 0, 71]],
[[1, 16, 0, 72]],
[[1, 16, 0, 72]],
[[1, 16, 0, 72]],
[[1, 1, 0, 78], [0, 9, 2]],
[[1, 4, 0, 84]],
[[1, 7, 0, 89]],
[[1, 10, 0, 94]],
[[1, 13, 0, 98]],
[[1, 16, 0, 102]],
[[1, 19, 0, 105]],
[[1, 22, 0, 108]],
[[1, 25, 0, 110]],
[[1, 28, 0, 112]],
[[1, 31, 0, 113]],
[[1, 34, 0, 114]],
[[1, 37, 0, 114]],
[[1, 40, 0, 114]],
[[1, 32, 0, 112], [0, 20]],
[[1, 24, 0, 110]],
[[1, 16, 0, 107]],
[[1, 8, 0, 104]],
[[1, 0, 0, 100]],
[[1, -8, 0, 96]],
[[1, -16, 0, 91]],
[[1, -24, 0, 86]],
[[1, -32, 0, 80]],
[[1, -40, 0, 74]],
[[1, -48, 0, 67]],
[[1, -56, 0, 60]],
[[1, -64, 0, 52]],
[[1, -72, 0, 44]],
[[1, -80, 0, 35]],
[[1, -88, 0, 26]],
[[1, -96, 0, 16]],
[[1, -104, 0, 6]],
[[1, -112, 0, 0], [0, 10]],
[[1, -120, 0, 0]],
[[1, -127, 0, 0]],
[[1, -133, 0, 0]],
[[1, -138, 0, 0]],
[[1, -142, 0, 0]],
[[1, -145, 0, 0]],
[[1, -147, 0, 0]],
[[1, -148, 0, 0]],
[[1, -148, 0, 0]],
[[1, -120, 0, 0]]]