# テンペスト
[[[1, 88, 0, 0], [0, 8], [2, 32]],
[[1, 80, 0, 0], [2, 64]],
[[1, 72, 0, 0], [2, 96]],
[[1, 64, 0, 0], [2, 128]],
[[1, 56, 0, 0], [2, 160]],
[[1, 48, 0, 0], [2, 192]],
[[1, 40, 0, 0], [2, 224], [10, 56, 0, 0]],
[[1, 32, 0, 0], [2, 255]],
[[1, 31, 0, 7], [0, 9]],
[[1, 30, 0, 14]],
[[1, 29, 0, 20]],
[[1, 28, 0, 26]],
[[1, 27, 0, 31]],
[[1, 26, 0, 36]],
[[1, 25, 0, 40]],
[[1, 24, 0, 44]],
[[1, 23, 0, 47]],
[[1, 22, 0, 50]],
[[1, 21, 0, 52]],
[[1, 20, 0, 54]],
[[1, 19, 0, 55]],
[[1, 18, 0, 56]],
[[1, 17, 0, 56]],
[[1, 16, 0, 56]],
[[1, 15, 0, 55]],
[[1, 14, 0, 54]],
[[1, 13, 0, 52]],
[[1, 12, 0, 50]],
[[1, 11, 0, 47]],
[[1, 10, 0, 44]],
[[1, 9, 0, 40]],
[[1, 8, 0, 36]],
[[1, 7, 0, 31]],
[[1, 6, 0, 26]],
[[1, 5, 0, 20]],
[[1, 4, 0, 14]],
[[1, 3, 0, 7]],
[[1, 2, 0, 0]],
[[0, 15]],
[],
[],
[],
[],
[],
[],
[],
[],
[],
[],
[],
[],
[],
[],
[],
[[0, 6]],
[],
[],
[],
[],
[],
[],
[],
[],
[],
[],
[],
[[1, -6, 0, 0], [0, 14, 2]],
[[1, -14, 0, 0]],
[[1, -22, 0, 0]],
[[1, -30, 0, 0]],
[[1, -38, 0, 0]],
[[1, -46, 0, 0]],
[[1, -54, 0, 0]],
[[1, -62, 0, 0]],
[[1, -69, 0, 0]],
[[1, -76, 0, 0]],
[[1, -82, 0, 0]],
[[1, -88, 0, 0]],
[[1, -93, 0, 0]],
[[1, -98, 0, 0]],
[[1, -102, 0, 0]],
[[1, -106, 0, 0]],
[[1, -109, 0, 0]],
[[1, -112, 0, 0]],
[[1, -114, 0, 0]],
[[1, -116, 0, 0]],
[[1, -117, 0, 0]],
[[1, -118, 0, 0]]]