# 五月雨
[[[1, 98, 0, 0], [0, 16, 1], [2, 32]],
[[1, 90, 0, 0], [2, 64]],
[[1, 82, 0, 0], [2, 96]],
[[1, 74, 0, 0], [2, 128]],
[[1, 68, 0, 0], [2, 160]],
[[1, 62, 0, 0], [2, 192]],
[[1, 56, 0, 0], [2, 224]],
[[1, 50, 0, 0], [2, 255]],
[[1, 46, 0, 0]],
[[1, 42, 0, 0]],
[[1, 38, 0, 0]],
[[1, 34, 0, 0]],
[[1, 32, 0, 8], [9, -64, 96, 1.4]],
[[1, 30, 0, 16]],
[[1, 28, 0, 23]],
[[1, 26, 0, 30]],
[[1, 24, 0, 36], [0, 16]],
[[1, 22, 0, 42]],
[[1, 20, 0, 47], [0, 16, 1]],
[[1, 18, 0, 52]],
[[1, 16, 0, 56], [0, 16, 2]],
[[1, 14, 0, 60]],
[[1, 12, 0, 63]],
[[1, 10, 0, 66]],
[[1, 8, 0, 68]],
[[1, 6, 0, 70]],
[[1, 4, 0, 71]],
[[1, 2, 0, 72]],
[[1, 0, 0, 80], [2, 224]],
[[1, -2, 0, 88], [2, 192]],
[[1, -4, 0, 95], [2, 160]],
[[1, -6, 0, 102], [2, 128]],
[[1, -8, 0, 108], [0, 16], [2, 96]],
[[1, -10, 0, 114], [2, 64]],
[[1, -12, 0, 119], [2, 32]],
[[1, -14, 0, 124], [2, 0]],
[[1, 80, 0, 160], [0, 14], [2, 32], [8]],
[[1, 78, 0, 162], [2, 64]],
[[1, 76, 0, 163], [2, 96]],
[[1, 74, 0, 164], [2, 128]],
[[1, 72, 0, 164], [2, 160]],
[[1, 70, 0, 164], [2, 192]],
[[1, 68, 0, 163], [2, 224]],
[[1, 66, 0, 162], [2, 255]],
[[1, 64, 0, 160], [2, 224]],
[[1, 62, 0, 158], [2, 192]],
[[1, 60, 0, 155], [2, 160]],
[[1, 58, 0, 152], [2, 128]],
[[1, 56, 0, 148], [2, 96]],
[[1, 54, 0, 144], [2, 64]],
[[1, 52, 0, 139], [2, 32]],
[[1, 50, 0, 135], [2, 0]],
[[1, 128, 0, 0], [0, 15], [2, 32], [8], [9, -64, 0, 1.4]],
[[1, 120, 0, 0], [2, 64]],
[[1, 112, 0, 0], [2, 96]],
[[1, 104, 0, 0], [2, 128]],
[[1, 92, 0, 0], [2, 160]],
[[1, 80, 0, 0], [2, 192]],
[[1, 68, 0, 0], [2, 224]],
[[1, 56, 0, 0], [2, 255]],
[[1, 44, 0, 0]],
[[1, 32, 0, 0]],
[[1, 21, 0, 0]],
[[1, 10, 0, 0]],
[[1, 0, 0, 0]],
[[1, -10, 0, 0]],
[[1, -19, 0, 0]],
[[1, -28, 0, 0]],
[[1, -36, 0, 0]],
[[1, -44, 0, 0]],
[[1, -51, 0, 0]],
[[1, -58, 0, 0]],
[[1, -64, 0, 0]],
[[1, -70, 0, 0]],
[[1, -75, 0, 0]],
[[1, -80, 0, 0]],
[[1, -84, 0, 0]],
[[1, -88, 0, 0]],
[[1, -91, 0, 0]],
[[1, -94, 0, 0]],
[[1, -96, 0, 0]],
[[1, -98, 0, 0]],
[[1, -99, 0, 0]],
[[1, -100, 0, 0]]]